"date","snow_depth_water_equivalent_mean","surface_net_solar_radiation_mean","surface_net_thermal_radiation_mean","surface_pressure_mean","temperature_2m_mean","dewpoint_temperature_2m_mean","u_component_of_wind_10m_mean","v_component_of_wind_10m_mean","volumetric_soil_water_layer_1_mean","volumetric_soil_water_layer_2_mean","volumetric_soil_water_layer_3_mean","volumetric_soil_water_layer_4_mean","snow_depth_water_equivalent_min","surface_net_solar_radiation_min","surface_net_thermal_radiation_min","surface_pressure_min","temperature_2m_min","dewpoint_temperature_2m_min","u_component_of_wind_10m_min","v_component_of_wind_10m_min","volumetric_soil_water_layer_1_min","volumetric_soil_water_layer_2_min","volumetric_soil_water_layer_3_min","volumetric_soil_water_layer_4_min","snow_depth_water_equivalent_max","surface_net_solar_radiation_max","surface_net_thermal_radiation_max","surface_pressure_max","temperature_2m_max","dewpoint_temperature_2m_max","u_component_of_wind_10m_max","v_component_of_wind_10m_max","volumetric_soil_water_layer_1_max","volumetric_soil_water_layer_2_max","volumetric_soil_water_layer_3_max","volumetric_soil_water_layer_4_max","total_precipitation_sum","potential_evaporation_sum","streamflow"
"1981-01-01",8.69,27.3,-18.53,97.37,-0.75,-2.7,4.26,-2,0.38,0.38,0.37,0.36,8.02,0,-39.89,97.04,-2,-4.32,2.78,-3.46,0.38,0.38,0.37,0.36,9.48,120.03,-4.2,97.76,0.09,-1.35,5.61,-1.13,0.38,0.38,0.37,0.36,1.96,1.1,0.23
"1981-01-02",9.2,60.05,-69.5,98.09,-6.1,-11.13,3.82,-1.08,0.37,0.38,0.37,0.36,8.95,0,-93.45,97.82,-10.77,-14.53,1.41,-3.64,0.37,0.37,0.37,0.36,9.47,259.73,2.95,98.43,-2.45,-5.64,5.61,2.14,0.38,0.38,0.37,0.36,0.06,1.7,0.23
"1981-01-03",8.96,45.62,-38.56,97.78,-6.28,-10.72,1.89,-2.3,0.37,0.37,0.37,0.36,8.83,0,-84.48,97.35,-13.9,-18.43,-0.32,-5.25,0.37,0.37,0.37,0.36,9.07,230.34,8.35,98.38,-1.54,-5.28,3.3,2.37,0.37,0.37,0.37,0.36,0.37,1.44,0.21
"1981-01-04",8.78,65.97,-82.62,98.97,-14.81,-20.46,1.82,-3.21,0.37,0.37,0.37,0.36,8.68,0,-105.7,98.35,-16.49,-22.7,-0.63,-4.55,0.36,0.37,0.37,0.36,8.87,282.09,-53.71,99.43,-13.02,-18.8,4.15,-1.98,0.37,0.37,0.37,0.36,0.12,1.08,0.18
"1981-01-05",8.59,65.66,-67.77,98.98,-11.45,-17.95,0.94,1.65,0.36,0.37,0.37,0.36,8.35,0,-106.45,98.2,-17.56,-21.28,-0.34,-1.82,0.36,0.37,0.37,0.36,8.69,286.77,-32.45,99.4,-6.62,-14.92,2.02,3.97,0.36,0.37,0.37,0.36,0,1.27,0.16
"1981-01-06",12.22,14.87,-16.57,97.28,-4.66,-9.19,3.16,3.38,0.36,0.37,0.37,0.36,8.19,0,-54.67,96.65,-7.33,-16.59,1.59,-1.28,0.36,0.37,0.37,0.36,17.83,80.91,6.06,98.12,-2.42,-3.3,5.61,4.75,0.36,0.37,0.37,0.36,10.12,1.34,0.18
"1981-01-07",18.15,30.78,-57.3,97.55,-11.84,-14.54,4.29,-2.4,0.36,0.37,0.37,0.36,18.04,0,-85.42,96.74,-19.99,-22.78,1.47,-4.2,0.36,0.37,0.37,0.36,18.22,136.57,-9.06,98.1,-2.54,-3.63,5.81,-1.05,0.36,0.37,0.37,0.36,0.52,0.31,0.18
"1981-01-08",18.11,32.16,-44.31,98.16,-15.61,-18.77,-0.88,-0.21,0.36,0.36,0.37,0.36,18.07,0,-88.72,98.01,-21.73,-24.29,-2.55,-1.3,0.36,0.36,0.37,0.36,18.16,137.36,11.06,98.39,-9.5,-13.41,1.93,0.82,0.36,0.37,0.37,0.36,0.06,0.12,0.16
"1981-01-09",18.11,29.32,-43.93,98.23,-13.94,-16.44,1.57,-0.43,0.36,0.36,0.37,0.36,18.09,0,-69.45,98.02,-19.81,-21.49,-2.14,-3.18,0.36,0.36,0.37,0.36,18.17,116.59,-31.38,98.62,-9.73,-12.98,3.73,1.42,0.36,0.36,0.37,0.36,0.17,0.14,0.16
"1981-01-10",18.23,32.93,-58.92,99.09,-15.36,-18.08,2.52,-1.49,0.36,0.36,0.37,0.36,18.18,0,-87.27,98.67,-20.47,-23.47,2.06,-2.73,0.36,0.36,0.37,0.36,18.28,142,-32.12,99.44,-12.78,-15.29,3.31,-0.06,0.36,0.36,0.37,0.36,0.09,0.09,0.16
"1981-01-11",18.34,31.54,-50.1,98.83,-15.99,-19.02,3.23,-1.89,0.36,0.36,0.37,0.36,18.21,0,-81.64,98.7,-20.11,-23.13,1.81,-3.59,0.36,0.36,0.37,0.36,18.47,129.3,-5.1,99.01,-12.31,-15.66,4.53,-0.95,0.36,0.36,0.37,0.36,0.4,0.18,0.15
"1981-01-12",18.42,33.02,-45.27,98.38,-14.23,-18.29,3.11,1.89,0.35,0.36,0.37,0.36,18.27,0,-74.4,97.75,-20.54,-23.68,2.29,-1.29,0.35,0.36,0.37,0.36,18.5,149.48,-3.24,98.9,-7.09,-11.11,3.83,4.03,0.36,0.36,0.37,0.36,0.26,0.55,0.14
"1981-01-13",18.32,35.91,-38.9,97.14,-4.68,-8.78,1.14,2.63,0.35,0.36,0.37,0.36,18.16,0,-85.11,96.86,-7.75,-11.12,-0.94,0.48,0.35,0.36,0.37,0.36,18.49,147.46,5.76,97.7,-1.33,-5.64,2.9,3.99,0.35,0.36,0.37,0.36,0.35,0.64,0.15
"1981-01-14",18.02,21.77,-16.28,97.11,-3.05,-5.8,0.56,-0.49,0.35,0.36,0.37,0.36,17.79,0,-39.95,96.97,-4.83,-8,-0.83,-2.12,0.35,0.36,0.37,0.36,18.17,93.89,14.98,97.34,-0.29,-3.51,2.02,1.55,0.36,0.36,0.37,0.36,0.21,0.33,0.16
"1981-01-15",18.06,22.01,-17.53,97.72,-4.32,-6.22,1.97,-0.11,0.35,0.36,0.37,0.36,17.94,0,-37.33,97.39,-6.87,-7.98,1.15,-1.92,0.35,0.36,0.37,0.36,18.43,100.83,-4.67,98.03,-2.02,-4.34,3.38,1.59,0.35,0.36,0.37,0.36,0.79,0.37,0.18
"1981-01-16",18.56,35.36,-45.74,98.41,-8.43,-11.01,4.22,-1.77,0.35,0.36,0.37,0.36,18.4,0,-80.81,97.97,-13.32,-16.29,3.41,-4.06,0.35,0.35,0.37,0.36,18.81,159.22,-16.09,98.89,-4.4,-5.84,5.38,-0.34,0.35,0.36,0.37,0.36,0.72,0.42,0.18
"1981-01-17",18.79,40.97,-61.46,98.79,-9.5,-13.03,4.12,-0.72,0.35,0.35,0.37,0.36,18.52,0,-92.83,98.38,-12.28,-14.97,2.89,-3.54,0.35,0.35,0.37,0.36,18.96,172.44,-23.87,99.11,-6.86,-11.13,5.89,1.51,0.35,0.35,0.37,0.36,0.13,0.55,0.16
"1981-01-18",18.24,43.78,-71.25,98.13,-4.42,-8.15,4.24,-0.27,0.35,0.35,0.37,0.36,17.95,0,-86.57,98.01,-7.65,-11.77,3.27,-1.61,0.35,0.35,0.37,0.36,18.5,176.7,-62,98.33,-0.13,-4.19,5.45,0.48,0.35,0.35,0.37,0.36,0,0.72,0.15
"1981-01-19",16.59,37.92,-55.82,97.79,-1.5,-4.28,2.95,1.48,0.37,0.35,0.37,0.36,14.44,0,-74.8,97.6,-5.91,-8.71,2.29,-0.31,0.35,0.35,0.37,0.36,18.07,163.94,-36.02,98.05,4.18,-0.25,3.53,2.71,0.39,0.36,0.37,0.36,0,0.36,0.16
"1981-01-20",13.4,20.87,-15.56,97.64,0.64,-1.33,0.39,0.97,0.39,0.36,0.37,0.36,12.02,0,-53.4,97.53,-1.57,-3.47,-1.88,-0.98,0.38,0.36,0.37,0.36,14.44,76.6,2.54,97.78,2.72,0.67,2.55,1.74,0.41,0.36,0.37,0.36,1.21,0.18,0.16
"1981-01-21",12.12,29.98,-15.26,97.8,-0.46,-1.29,-0.83,-2.39,0.39,0.37,0.37,0.36,11.75,0,-35.79,97.57,-1.87,-2.65,-2.18,-3.51,0.39,0.36,0.37,0.36,12.42,120.76,-1.53,98,0.66,0.03,2.24,-0.51,0.4,0.37,0.37,0.36,0.42,0.44,0.18
"1981-01-22",11.2,64.17,-55.54,97.56,-1.09,-3.25,4.2,0.68,0.39,0.37,0.37,0.36,10.24,0,-92.99,97.35,-3.15,-4.46,2.56,-0.64,0.38,0.37,0.37,0.36,11.85,273.87,-17.62,97.91,2.67,-1.57,5.93,1.63,0.39,0.37,0.37,0.36,0.07,1.09,0.18
"1981-01-23",9.49,70.8,-65.7,97.28,-2.64,-4.92,1.55,-1.12,0.39,0.37,0.37,0.36,8.44,0,-102.65,97.2,-7.44,-8.43,0.36,-2.02,0.38,0.37,0.37,0.36,10.34,314.56,-33.36,97.38,2.4,-2.39,2.87,0,0.4,0.37,0.37,0.36,0,0.67,0.18
"1981-01-24",7.22,86.65,-65.71,97.31,-0.57,-4.06,1.37,1.81,0.4,0.38,0.37,0.36,5.62,0,-99.39,97.21,-6.59,-7.77,0.34,-0.1,0.38,0.37,0.37,0.36,8.48,346.75,-34.69,97.39,6.94,-0.81,2,3.06,0.41,0.38,0.37,0.36,0,0.92,0.19
"1981-01-25",4.03,89.32,-63.89,96.96,4.8,-1.13,0.7,5.04,0.4,0.38,0.37,0.36,1.33,0,-93.72,96.54,-0.77,-4.35,-0.2,3.03,0.39,0.38,0.37,0.36,5.64,390.19,-42.99,97.32,11.59,2.43,3.53,7.29,0.42,0.39,0.37,0.36,0,2.92,0.21
"1981-01-26",0.5,104.61,-66.69,96.61,6.09,1.46,5.04,2.79,0.4,0.39,0.37,0.36,0.22,0,-102.09,96.32,2.15,-0.86,3.42,0.09,0.39,0.39,0.37,0.36,1.2,419.51,-34.18,96.94,8.63,4.42,7.92,6.66,0.41,0.39,0.37,0.36,0,3.49,0.27
"1981-01-27",0.24,54.79,-35.92,97.04,1,-4.06,3.32,0.12,0.38,0.39,0.37,0.36,0.22,0,-76.46,96.85,-1.57,-6.76,2.12,-1.44,0.38,0.39,0.37,0.36,0.29,209.76,-18.59,97.25,2.65,-0.94,5.05,1.52,0.39,0.39,0.37,0.36,0.1,2.06,0.27
"1981-01-28",0.28,116.12,-91.09,97.38,-2.31,-8.22,3.51,0.17,0.37,0.38,0.37,0.36,0.27,0,-125.67,97.12,-4.54,-10.68,2.6,-1,0.37,0.38,0.37,0.36,0.29,437.11,-64.65,97.71,0.46,-5.5,5.51,1.36,0.38,0.39,0.37,0.36,0.01,2.41,0.24
"1981-01-29",0.27,110.19,-89.03,98.42,-5.79,-13.07,0.67,-2.79,0.37,0.38,0.37,0.36,0.26,0,-112.46,97.76,-8.17,-14.27,-1.97,-4.34,0.37,0.38,0.37,0.36,0.27,453.9,-54.31,98.92,-3.74,-11.04,3.39,-0.87,0.37,0.38,0.37,0.36,0,2.32,0.24
"1981-01-30",0.25,108.87,-91.55,99.13,-6.06,-12.6,-1.8,-2.64,0.37,0.38,0.37,0.36,0.25,0,-110.93,98.9,-8.78,-13.41,-2.69,-3.4,0.37,0.38,0.37,0.36,0.26,437.8,-67.38,99.29,-2.73,-12.11,-1.32,-0.86,0.37,0.38,0.37,0.36,0,2.12,0.23
"1981-01-31",0.24,119.05,-94.16,98.67,-4.36,-14.34,-2.75,2.58,0.37,0.37,0.37,0.36,0.22,0,-127.8,97.65,-10.32,-15.56,-3.31,-0.47,0.37,0.37,0.37,0.36,0.25,461.05,-68.29,99.28,2.04,-12.76,-2.15,6.12,0.37,0.38,0.37,0.36,0,3.48,0.21
"1981-02-01",2,19.08,-5.5,96.65,1.67,-0.75,1.52,5,0.41,0.39,0.37,0.36,0.21,0,-51.37,96.16,-2.69,-11.97,-1.55,-1.5,0.36,0.37,0.37,0.36,3.64,88.3,5.86,97.56,3.63,3.41,5.18,7.45,0.44,0.42,0.37,0.36,19.76,1.24,0.4
"1981-02-02",3.63,93.58,-63.3,97.19,-8.84,-15.36,6.53,0.6,0.41,0.41,0.38,0.36,3.35,0,-94.66,96.54,-14.17,-21.29,5.01,-0.38,0.4,0.41,0.37,0.36,3.78,386.51,-25.88,97.98,-3.56,-6.17,8.25,1.82,0.42,0.42,0.38,0.36,0.8,2.61,0.43
"1981-02-03",3.78,100.35,-71.91,98.24,-12.8,-20.86,5.04,1.12,0.39,0.4,0.38,0.36,3.73,0,-92.42,98,-16.83,-23.1,3.66,-0.28,0.39,0.4,0.38,0.36,3.83,406.23,-44.51,98.51,-9.23,-16.67,5.96,1.97,0.4,0.41,0.38,0.36,0.23,2.24,0.26
"1981-02-04",3.71,103.74,-85.7,98.39,-11.59,-19.67,4.38,-1.46,0.39,0.39,0.38,0.36,3.65,0,-100.96,98.06,-14.48,-21.18,0.94,-3.12,0.39,0.39,0.38,0.36,3.75,422.4,-61.1,98.93,-8.33,-16.74,6.02,0.47,0.39,0.4,0.38,0.36,0.18,2.2,0.23
"1981-02-05",3.58,105.77,-70.97,98.65,-9.26,-18.51,1.35,3,0.38,0.39,0.38,0.36,3.44,0,-112.76,98.12,-14.89,-21.4,0.62,-1.5,0.38,0.39,0.38,0.36,3.65,444.06,-15.95,98.99,-3.84,-12.51,2.9,4.97,0.39,0.39,0.38,0.37,0.22,2.48,0.21
"1981-02-06",4.57,49.84,-26.83,97.99,-2.87,-7.9,4.19,1.84,0.38,0.39,0.38,0.37,3.74,0,-45.42,97.74,-4.64,-11.13,0.39,0.5,0.38,0.38,0.38,0.37,4.87,226.21,-11.81,98.2,-1.09,-5.75,7.03,3.93,0.38,0.39,0.38,0.37,1.44,2.07,0.19
"1981-02-07",4.22,49.32,-38.3,97.35,-0.39,-3.94,1.63,3.34,0.38,0.38,0.38,0.37,3.6,0,-69.79,96.99,-4,-8.17,-1.04,0.62,0.38,0.38,0.38,0.37,4.64,206.08,-13.33,97.99,3.59,-0.04,4.25,5.56,0.39,0.38,0.38,0.37,0.17,1.24,0.19
"1981-02-08",3.58,108.11,-76.62,97.22,-6.18,-12.76,5.18,-0.41,0.39,0.38,0.38,0.37,3.48,0,-107.07,96.83,-8.79,-18.85,3.01,-1.59,0.38,0.38,0.38,0.37,3.66,440.61,-38.48,97.72,-1.42,-2.91,8.55,0.51,0.39,0.38,0.38,0.37,0.2,2.5,0.19
"1981-02-09",3.33,112.73,-71.75,97.85,-4.42,-13.86,2.11,2.98,0.38,0.38,0.38,0.37,3.13,0,-115.34,97.7,-10.01,-16.6,-1.03,0.74,0.38,0.38,0.38,0.37,3.48,425.7,-25.86,98,2.1,-9.89,5.1,4.54,0.38,0.38,0.38,0.37,0.01,3.2,0.18
"1981-02-10",7.25,12.54,-3.13,96.75,2.1,-0.67,-2.23,5.21,0.4,0.39,0.38,0.37,3.15,0,-22.07,95.77,-2.02,-10.68,-5,1.67,0.38,0.38,0.38,0.37,12.4,64.52,6.75,98,6.67,6.61,1.4,8.11,0.44,0.44,0.39,0.37,26.03,0.54,1.9
"1981-02-11",6.05,64.95,-40.79,97.54,-11.4,-15.59,6.58,-0.79,0.42,0.42,0.4,0.37,3.27,0,-91.93,95.84,-21.66,-27.05,3.43,-2.74,0.41,0.41,0.39,0.37,6.99,238.55,7.36,99.51,6.54,6.47,8.3,3.62,0.44,0.43,0.4,0.37,8.47,1.42,11.26
"1981-02-12",6.88,103.15,-87.12,100.1,-15.88,-24.37,1.18,2.34,0.41,0.41,0.4,0.37,6.74,0,-111.02,99.66,-23.75,-29.78,-0.69,0.31,0.4,0.4,0.4,0.37,6.97,382.38,-67,100.35,-7.88,-18.95,4.49,4.32,0.41,0.41,0.4,0.37,0,1.56,1.53
"1981-02-13",6.62,91.61,-69.47,100.21,-6.78,-17.59,-0.74,2.32,0.4,0.4,0.4,0.37,6.47,0,-93.84,99.95,-12.71,-22.86,-1.79,1.68,0.4,0.4,0.4,0.37,6.73,359.37,-48.51,100.44,0.1,-11.47,1.04,3.14,0.4,0.4,0.4,0.37,0,1.95,0.77
"1981-02-14",6,110.65,-77.38,99.83,-1.68,-13.63,-0.52,1.76,0.4,0.4,0.4,0.37,5.4,0,-120.49,99.57,-7.87,-17.2,-2.38,1.1,0.4,0.39,0.4,0.37,6.47,409.16,-49.77,100.02,6.14,-9.51,0.97,2.65,0.41,0.4,0.4,0.37,0,1.83,0.77
"1981-02-15",4.32,117.05,-72.95,99.19,3.38,-5.37,-0.24,3.52,0.41,0.39,0.4,0.37,2.72,0,-114.6,98.8,-2.07,-11.46,-1.69,2.9,0.4,0.39,0.4,0.37,5.4,434.89,-0.62,99.56,11.08,1.35,1.13,4.3,0.42,0.4,0.4,0.37,0,2.58,1.61
"1981-02-16",1.29,16.74,0.21,98.56,6.2,3.97,1.44,4.25,0.42,0.41,0.4,0.37,0.3,0,-13.7,98.48,4.88,-1.2,-0.14,2.97,0.41,0.4,0.4,0.37,2.59,88.61,8.64,98.74,8.01,7.09,2.73,5.12,0.44,0.42,0.4,0.37,7.68,0.47,6.16
"1981-02-17",0.13,38.73,0.38,98.33,8.38,7.87,0.92,2.85,0.41,0.42,0.4,0.37,0.04,0,-10.86,98.26,6.43,6.2,0.16,2.38,0.4,0.41,0.4,0.37,0.27,148.14,7.66,98.47,11.23,9.98,1.69,3.33,0.42,0.42,0.4,0.37,0.36,-0.03,1.93
"1981-02-18",0.01,29.76,-4.82,98.06,9.81,9.51,0.22,3.33,0.4,0.41,0.4,0.37,0,0,-37.54,97.83,7.95,7.71,-0.22,2.35,0.4,0.41,0.4,0.37,0.03,105.45,6.54,98.24,11.84,11.14,0.78,4.1,0.4,0.41,0.4,0.37,0.52,-0.39,1.3
"1981-02-19",0,20.6,-2.75,97.3,8.6,8.36,1.49,1.44,0.41,0.41,0.4,0.37,0,0,-36.1,96.87,6.51,5.4,-0.15,-1.59,0.4,0.41,0.4,0.37,0,86.36,9.4,97.79,10.59,10.52,3.33,2.97,0.43,0.42,0.4,0.37,5.78,-0.28,1.19
"1981-02-20",0,86.08,-41.58,97.17,6.33,4.24,2.26,-3.24,0.41,0.41,0.4,0.37,0,0,-96.93,96.75,3.41,2.89,0.78,-5.17,0.4,0.41,0.4,0.37,0,421.05,3.52,97.59,11.49,5.22,3.22,-1.61,0.42,0.42,0.41,0.37,0.78,1.83,1.06
"1981-02-21",0,145.17,-70.06,97.67,5.98,2.65,-1.71,-0.02,0.39,0.4,0.4,0.37,0,0,-130.79,97.5,0.54,0.18,-3.37,-2.53,0.39,0.4,0.4,0.37,0,564.12,-16.51,97.86,11.88,3.85,0.23,2.25,0.4,0.41,0.41,0.37,0.05,2.48,0.89
"1981-02-22",0,77.39,-40.5,96.64,8.48,4.71,-2.56,4.45,0.39,0.4,0.4,0.37,0,0,-63.13,96.09,4.6,0.67,-5.14,2.46,0.38,0.39,0.4,0.37,0,383.63,-10.21,97.46,13.81,10.16,2.88,6.35,0.42,0.4,0.4,0.38,4.57,3.2,0.84
"1981-02-23",0.11,78.54,-34.44,96.11,3.43,0.74,2.88,5.22,0.41,0.4,0.4,0.38,0,0,-60.8,95.93,0.54,-0.46,-0.2,3.37,0.4,0.4,0.4,0.38,1.08,320.7,-11.46,96.22,7.18,3.11,5.76,7.97,0.42,0.4,0.4,0.38,5.39,2.66,1
"1981-02-24",1.76,82.82,-38.88,97,3.04,-0.77,4.77,0.28,0.4,0.4,0.4,0.38,1.29,0,-102.03,96.21,0.33,-1.7,3.67,-3.09,0.39,0.4,0.4,0.38,2.27,310.48,-6.68,97.56,7.91,0.05,6.03,2.92,0.41,0.4,0.4,0.38,1.28,2.75,0.92
"1981-02-25",1.23,153.88,-90.11,97.92,3.52,-2.16,0.61,-1.76,0.39,0.4,0.4,0.38,0.98,0,-122.45,97.57,-1.69,-3.44,-2.41,-2.5,0.38,0.39,0.4,0.38,1.44,550.77,-70.44,98.26,9.51,-0.86,4.27,0.23,0.39,0.4,0.4,0.38,0,2.93,0.82
"1981-02-26",0.88,162.93,-95.83,98.56,0.85,-4.24,-3.28,-1.35,0.38,0.39,0.4,0.38,0.73,0,-128.96,98.26,-3.11,-6.4,-4.46,-1.64,0.38,0.39,0.4,0.38,0.98,579.23,-72.64,98.74,6.24,-2.6,-2.49,-0.6,0.38,0.39,0.4,0.38,0,3.12,0.72
"1981-02-27",0.58,121.45,-62.14,98.26,3.24,-3.06,-2.69,2.74,0.38,0.38,0.4,0.38,0.28,0,-81.98,97.5,-3.71,-6.29,-4.19,-0.43,0.37,0.38,0.4,0.38,0.73,520.57,-37.88,98.71,10.27,0.89,-0.42,5.6,0.38,0.39,0.4,0.38,0.34,3.78,0.64
"1981-02-28",0.07,63.35,-21.16,97.26,8.58,4.5,4.31,0.38,0.38,0.38,0.4,0.38,0.02,0,-42.54,97.09,3.99,-0.43,0.55,-3.22,0.37,0.38,0.4,0.38,0.26,292.73,2.94,97.53,12.53,10.51,5.8,5.84,0.38,0.38,0.4,0.38,0.99,3.11,0.61
"1981-03-01",0.01,57.39,-26.86,97.49,3.16,-1.13,2.75,-0.66,0.37,0.38,0.4,0.38,0.01,0,-41.9,97.36,1.81,-2.22,1.69,-2.93,0.37,0.38,0.4,0.38,0.01,231.2,-13.77,97.64,4.74,-0.39,4.07,0.67,0.37,0.38,0.4,0.38,0.18,2.22,0.56
"1981-03-02",0.14,68.74,-51.93,97.43,-0.21,-5.98,2.89,-1.97,0.36,0.37,0.4,0.38,0.01,0,-98.3,97.24,-4.49,-10.85,1.26,-4.3,0.36,0.37,0.4,0.38,0.29,282.92,-16.66,97.77,2.21,-2.31,4.6,0.33,0.37,0.38,0.4,0.38,0.32,2.62,0.53
"1981-03-03",0.25,173.74,-99.59,97.83,-2.24,-8.74,1.07,0.24,0.36,0.37,0.39,0.38,0.22,0,-144.54,97.55,-6.61,-12.31,-0.68,-2.72,0.36,0.37,0.39,0.38,0.28,618.58,-42.48,98.02,2.5,-6.69,2.6,2.74,0.36,0.37,0.4,0.38,0,2.69,0.48
"1981-03-04",1.06,30.44,-9.65,96.88,1.58,-1.93,-0.87,1.89,0.37,0.37,0.39,0.38,0.22,0,-34.12,96.26,-0.44,-7.74,-2.53,-1.69,0.36,0.37,0.39,0.38,1.89,117.83,0.21,97.52,3.29,2.02,0.93,3.94,0.41,0.37,0.39,0.38,6.2,0.97,0.5
"1981-03-05",4.42,63.78,-23.98,96.52,0.58,-2.7,0.33,-3.96,0.4,0.38,0.39,0.38,1.24,0,-92.87,96.02,-4.62,-8.79,-2.21,-5.74,0.39,0.37,0.39,0.38,5.59,248.54,-0.97,97.26,2.88,1.86,3.29,-1.88,0.42,0.39,0.39,0.38,7.76,2.12,0.63
"1981-03-06",4.66,120.61,-79.73,97.43,-2.33,-8.65,3.16,-1.53,0.38,0.39,0.39,0.38,4.44,0,-115.1,97.19,-6,-11.5,1.91,-3.84,0.38,0.38,0.39,0.38,4.88,484.34,-42.99,97.89,3.02,-5.91,5.42,0.63,0.39,0.39,0.39,0.38,0.21,2.74,0.66
"1981-03-07",4.31,142.24,-75.1,98.31,-3.25,-9.18,1.64,-3.08,0.37,0.38,0.39,0.38,4.09,0,-126.37,97.94,-7.2,-12,0.81,-3.82,0.37,0.38,0.39,0.38,4.46,555.84,-30.59,98.67,0.71,-7.49,2.49,-2.04,0.38,0.38,0.39,0.38,0,2.77,0.58
"1981-03-08",3.7,94.22,-34,98.79,-0.35,-5.54,1.1,-1.89,0.37,0.38,0.39,0.38,3.21,0,-68.24,98.61,-3.62,-7.65,0.43,-2.43,0.37,0.38,0.39,0.38,4.09,439.51,-14.84,98.92,3.21,-3.75,1.67,-1.38,0.38,0.38,0.39,0.38,0.11,1.98,0.5
"1981-03-09",2.75,94.89,-41.38,98.78,0.84,-3.85,1.61,-0.22,0.38,0.38,0.39,0.38,2.21,0,-73.03,98.61,-3.5,-4.84,0.44,-1.64,0.37,0.38,0.39,0.38,3.21,377.87,-17.91,98.92,4.07,-2.93,2.65,1.46,0.38,0.38,0.39,0.38,0.04,1.8,0.48
"1981-03-10",1.79,125.93,-57.72,98.35,2.71,-2.5,3.04,-0.22,0.38,0.38,0.39,0.38,1.13,0,-96.23,98.15,-2.29,-4.36,1.8,-2.6,0.37,0.37,0.39,0.38,2.32,457.37,-29.78,98.6,7.42,-1,4.46,0.86,0.38,0.38,0.39,0.38,0.63,2.82,0.48
"1981-03-11",1.53,123.03,-51.74,98.14,0.69,-4.08,2.54,-2.3,0.38,0.37,0.39,0.38,1.14,0,-105.19,98,-2.26,-6.36,1.04,-4.74,0.37,0.37,0.39,0.38,2.05,483.06,-11.93,98.29,4.45,-1.88,4.61,0.21,0.38,0.37,0.39,0.38,1.31,3.1,0.47
"1981-03-12",1.04,187.12,-87.35,97.57,4.28,-2.86,4.67,2.86,0.37,0.37,0.39,0.38,0.31,0,-119.87,97.08,-2.55,-6.35,1.37,1.1,0.37,0.37,0.39,0.38,1.55,633.98,-39.22,98.21,11.63,0.22,7.13,4.3,0.37,0.37,0.39,0.38,0.06,5.97,0.43
"1981-03-13",0.21,182.51,-91.03,97.26,3.48,-3.2,3.25,-2.21,0.36,0.37,0.39,0.38,0.12,0,-118.88,97.02,-1.72,-9.22,0.52,-5.51,0.36,0.37,0.39,0.38,0.3,626.11,-53.75,97.76,9.17,0.23,6.3,0.55,0.37,0.37,0.39,0.38,0.03,4.97,0.42
"1981-03-14",0.1,191.53,-100.16,97.97,-0.18,-7.47,2.5,-0.45,0.35,0.36,0.39,0.38,0.07,0,-131.15,97.7,-5.99,-9.59,0.54,-2.92,0.35,0.36,0.38,0.38,0.12,651.39,-65.28,98.26,5.75,-5.56,4.49,2.31,0.36,0.37,0.39,0.38,0,3.96,0.39
"1981-03-15",0.05,138.52,-64.57,96.85,4.98,-0.98,4.05,3.74,0.35,0.36,0.38,0.38,0.01,0,-87.8,96.24,-0.33,-6.42,2.62,0.62,0.34,0.36,0.38,0.38,0.07,529.81,-29.51,97.64,12.59,4.87,6.72,5.34,0.36,0.36,0.38,0.38,1.48,4.68,0.37
"1981-03-16",0.06,175.62,-73.23,96.94,0.14,-7.61,2.97,-4.19,0.35,0.36,0.38,0.38,0.01,0,-136.81,96.23,-2.65,-12.33,1.6,-6.74,0.35,0.35,0.38,0.38,0.08,655.65,-20.57,97.41,5.22,4.38,4.11,1.93,0.36,0.36,0.38,0.38,0.21,5.21,0.39
"1981-03-17",0.06,149.76,-84.97,96.42,1.15,-7.72,3.26,-1.44,0.34,0.35,0.38,0.38,0.04,0,-117.23,96.25,-3.57,-10.81,0.33,-4.6,0.34,0.35,0.38,0.38,0.07,562.92,-47.05,96.92,5.37,-3.36,6.21,2.61,0.35,0.35,0.38,0.38,0.02,4.87,0.37
"1981-03-18",0.06,161.35,-76.1,96.46,-2.92,-11.64,0.44,-3.41,0.34,0.35,0.38,0.38,0.04,0,-128.22,96.32,-6.09,-13.43,-1.34,-4.81,0.33,0.35,0.38,0.38,0.1,663.4,-35.37,96.6,0.71,-9.48,2.91,-2.06,0.34,0.35,0.38,0.38,0.06,4.03,0.35
"1981-03-19",0.73,114.5,-60.19,96.52,-4.23,-11.51,3.67,-3.79,0.34,0.35,0.38,0.38,0.1,0,-93.89,96.37,-6.95,-14.71,2,-5.92,0.33,0.35,0.38,0.38,2.12,393.84,-32.84,96.66,-1.19,-7.69,5.91,-1.9,0.34,0.35,0.38,0.38,2.1,3.64,0.35
"1981-03-20",2.29,100.79,-37.32,96.75,-1.39,-6.12,3.21,-2.41,0.34,0.35,0.38,0.38,2.18,0,-54.09,96.48,-4.77,-8.02,1.67,-4.15,0.33,0.35,0.38,0.38,2.4,345.15,-26.12,96.97,2.62,-3.95,5.11,0.67,0.34,0.35,0.38,0.38,0.46,2.65,0.35
"1981-03-21",1.68,171.47,-68.92,97.45,1.91,-3.81,-1.1,-1.13,0.34,0.34,0.38,0.38,0.98,0,-124.55,96.99,-4.35,-5.67,-3.89,-1.96,0.34,0.34,0.38,0.38,2.28,654.74,-21.3,97.92,6.98,-2.94,1.92,0.58,0.35,0.35,0.38,0.38,0.06,2.97,0.34
"1981-03-22",0.71,185.87,-86.43,97.89,2.8,-4.35,-3.56,-1.87,0.34,0.34,0.38,0.38,0.38,0,-116.56,97.74,-2.4,-6.77,-4.64,-4.48,0.34,0.34,0.38,0.38,0.98,650.72,-65.02,98.04,8.67,-3.06,-2.23,-0.35,0.34,0.34,0.38,0.38,0,4.74,0.32
"1981-03-23",0.26,197.07,-82.71,97.95,3.78,-3.05,-1.21,-3.77,0.34,0.34,0.37,0.38,0.11,0,-122.52,97.77,-2.63,-4.8,-2.2,-5.13,0.33,0.34,0.37,0.38,0.38,689.63,-49.99,98.16,10.54,-0.66,0.38,-2.48,0.34,0.34,0.37,0.38,0,5.06,0.32
"1981-03-24",0.07,195.39,-89.74,98.13,5.28,-2.25,1.54,-1.75,0.33,0.34,0.37,0.38,0.03,0,-122.73,98,-3.12,-4.66,-0.98,-3.31,0.32,0.33,0.37,0.38,0.11,649.15,-58.68,98.28,12.73,-0.09,3.47,-0.16,0.33,0.34,0.37,0.38,0,4.71,0.32
"1981-03-25",0.02,190.95,-87.32,98.36,4.73,-2.92,-1.28,-0.29,0.32,0.33,0.37,0.38,0.01,0,-134.87,98.2,-2.38,-4.31,-2.25,-3.23,0.31,0.33,0.37,0.38,0.03,701.42,-64.26,98.54,11.17,-0.41,0.54,2.32,0.32,0.33,0.37,0.38,0,3.8,0.31
"1981-03-26",0,174.83,-60.6,97.89,9.41,1.31,2.07,3.41,0.31,0.33,0.37,0.38,0,0,-104.61,97.6,2.78,-5.08,-1.87,-1.7,0.31,0.33,0.37,0.38,0.01,637.36,-9,98.3,16.14,7.82,5.58,6.23,0.33,0.33,0.37,0.38,2.47,6.85,0.31
"1981-03-27",0,216.19,-87.48,98.43,7.82,2.83,-1.17,-1.71,0.34,0.33,0.37,0.38,0,0,-135.84,97.87,3.81,-1.43,-3.53,-3.37,0.33,0.33,0.37,0.38,0,699.08,-8.85,98.9,11.74,7.75,2.09,1.08,0.35,0.33,0.37,0.38,1.31,4.8,0.32
"1981-03-28",0,207.14,-89.34,98.42,10.64,2.96,-1.11,4.17,0.32,0.32,0.36,0.38,0,0,-115.83,97.9,1.65,-2.35,-3.42,1.46,0.31,0.32,0.36,0.38,0,685.03,-68.09,98.87,20.26,8.05,1.53,6.21,0.33,0.33,0.37,0.38,0,7.05,0.29
"1981-03-29",0,132.25,-53.95,97.31,15.59,8.42,1.83,6.34,0.32,0.32,0.36,0.38,0,0,-83.7,96.59,12.52,4.53,-0.43,4.55,0.3,0.32,0.36,0.38,0,509.13,-12.38,97.84,20.86,13.36,4.19,9.67,0.42,0.32,0.36,0.38,9.51,8.17,0.29
"1981-03-30",0,127.6,-45.87,96.43,13.02,8.58,4.01,3.41,0.38,0.36,0.36,0.38,0,0,-93.64,95.96,8.82,4.36,-0.62,-0.5,0.37,0.33,0.36,0.38,0,547.68,-0.55,97.13,15.8,11.82,9.12,8.2,0.44,0.36,0.36,0.38,8.51,5.38,0.35
"1981-03-31",0,217.98,-88.2,97.39,15.09,7.32,0.07,4.49,0.36,0.36,0.36,0.38,0,0,-118.32,97.15,5.12,3.32,-1.35,1.94,0.35,0.36,0.36,0.38,0,699.31,-57.39,97.65,23.96,11.12,2.3,7.04,0.37,0.36,0.36,0.38,0,8.39,0.32
"1981-04-01",0,193.77,-81.78,97.31,14.25,3.42,6.26,1.06,0.34,0.35,0.36,0.38,0,0,-125.37,97.12,10.75,1.16,2.25,-2.19,0.33,0.35,0.36,0.38,0,724.72,-42.66,97.88,17.79,7.73,10.37,6.58,0.35,0.36,0.36,0.38,0.4,11.74,0.29
"1981-04-02",0,225.59,-101.28,98,12.18,2.81,1.51,2.05,0.33,0.35,0.36,0.38,0,0,-137.79,97.63,2.44,0.88,0.07,-1.97,0.32,0.34,0.36,0.38,0,718.16,-68.66,98.32,19.29,5.37,3.73,5.69,0.33,0.35,0.36,0.38,0,7.29,0.29
"1981-04-03",0,135.07,-67.84,97.16,16.34,6.75,1.47,6.28,0.32,0.34,0.35,0.38,0,0,-90.73,96.75,11.48,0.48,0.32,3.52,0.31,0.33,0.35,0.38,0,517.83,-43,97.6,20.93,13.09,2.77,9.15,0.32,0.34,0.36,0.38,0.96,8.89,0.34
"1981-04-04",0,40.75,-29.28,96.75,16.27,11.44,3.41,6.87,0.37,0.35,0.35,0.38,0,0,-54.14,96.53,10.66,8.87,2.1,-0.72,0.32,0.33,0.35,0.38,0,148.82,-8.14,97.02,18.85,15.71,4.75,9.5,0.43,0.39,0.35,0.38,21.4,6.3,0.42
"1981-04-05",0,83.8,-38.58,97.69,6.12,-0.49,4.77,-1.16,0.39,0.39,0.35,0.38,0,0,-57.86,97.12,3.49,-3.14,2.07,-2.77,0.38,0.39,0.35,0.38,0,274.64,-21.36,98.21,9.58,5.43,6.91,0,0.41,0.39,0.35,0.38,0.29,5.04,0.43
"1981-04-06",0,233.4,-103.65,98.66,4.69,-3.51,1.53,-0.6,0.37,0.38,0.35,0.38,0,0,-146.52,98.18,-0.97,-4.69,-0.47,-2.43,0.36,0.38,0.35,0.38,0,742.52,-53.03,98.92,9.84,-2.21,2.56,2.56,0.38,0.38,0.36,0.38,0,5.23,0.4
"1981-04-07",0,186.88,-83.16,98.31,9.32,0.14,-0.05,4.9,0.36,0.37,0.35,0.38,0,0,-99.33,97.83,2.1,-4.53,-1.15,2.69,0.35,0.37,0.35,0.38,0,649.1,-67.64,98.7,16.25,4.96,1.57,6.42,0.36,0.38,0.35,0.38,0.43,7.43,0.37
"1981-04-08",0,203.17,-70.5,97.67,15.41,6.83,2.89,6.89,0.35,0.36,0.35,0.38,0,0,-99.92,97.41,11.32,2.77,1.25,5.44,0.34,0.36,0.35,0.38,0,686.4,-26.26,97.91,20.41,10.6,4.42,9.01,0.35,0.37,0.35,0.38,0.36,10.9,0.37
"1981-04-09",0,207.19,-66.26,98.03,13.26,7.32,2.22,-0.26,0.37,0.36,0.35,0.38,0,0,-135.96,97.36,7.43,2.59,-2.41,-4.37,0.34,0.36,0.35,0.38,0,731.02,-1.27,98.66,15.96,13.57,5.6,7.08,0.39,0.36,0.35,0.38,4.49,6.6,0.37
"1981-04-10",0,104.62,-56.37,98.37,12.66,9.05,-1.2,3.97,0.36,0.36,0.35,0.38,0,0,-78.34,97.9,6.58,2.06,-3.08,0.98,0.36,0.36,0.35,0.38,0,311.24,-32.52,98.66,19.32,16.18,3.6,5.85,0.37,0.36,0.35,0.38,2.25,2.91,0.37
