"date","snow_depth_water_equivalent_mean","surface_net_solar_radiation_mean","surface_net_thermal_radiation_mean","surface_pressure_mean","temperature_2m_mean","dewpoint_temperature_2m_mean","u_component_of_wind_10m_mean","v_component_of_wind_10m_mean","volumetric_soil_water_layer_1_mean","volumetric_soil_water_layer_2_mean","volumetric_soil_water_layer_3_mean","volumetric_soil_water_layer_4_mean","snow_depth_water_equivalent_min","surface_net_solar_radiation_min","surface_net_thermal_radiation_min","surface_pressure_min","temperature_2m_min","dewpoint_temperature_2m_min","u_component_of_wind_10m_min","v_component_of_wind_10m_min","volumetric_soil_water_layer_1_min","volumetric_soil_water_layer_2_min","volumetric_soil_water_layer_3_min","volumetric_soil_water_layer_4_min","snow_depth_water_equivalent_max","surface_net_solar_radiation_max","surface_net_thermal_radiation_max","surface_pressure_max","temperature_2m_max","dewpoint_temperature_2m_max","u_component_of_wind_10m_max","v_component_of_wind_10m_max","volumetric_soil_water_layer_1_max","volumetric_soil_water_layer_2_max","volumetric_soil_water_layer_3_max","volumetric_soil_water_layer_4_max","total_precipitation_sum","potential_evaporation_sum","streamflow"
"1981-01-01",19.8,28.58,-21.68,97.82,-7.18,-10.11,-0.87,-0.68,0.38,0.38,0.4,0.42,19.31,0,-41.35,97.5,-9.8,-12.79,-3.26,-1.83,0.38,0.38,0.4,0.42,21.95,145.53,-6.06,98.05,-4.11,-6.4,2.89,1.13,0.38,0.38,0.4,0.42,2.82,0.69,NA
"1981-01-02",22.34,47.8,-60.15,98.17,-12.02,-16.09,4.3,-1.42,0.38,0.38,0.4,0.42,22.17,0,-85.23,97.44,-19.15,-22.27,1.47,-3.01,0.37,0.38,0.4,0.42,22.46,197.69,-9.03,98.7,-4.64,-6.18,5.61,0.48,0.38,0.38,0.4,0.42,0.91,1.15,NA
"1981-01-03",23.14,49.3,-51.05,98.33,-17.8,-21.42,1.99,-0.85,0.37,0.37,0.4,0.42,22.57,0,-90.99,98.08,-21.93,-25.19,0.67,-2.01,0.37,0.37,0.4,0.42,23.37,227.99,-9.17,98.68,-13.51,-19.72,3.27,0.63,0.37,0.38,0.4,0.42,1.09,0.45,NA
"1981-01-04",23.45,44.98,-52.12,99.15,-22.29,-26,2.33,-1.51,0.37,0.37,0.4,0.42,23.37,0,-72.48,98.58,-31.21,-34.4,1.02,-2.32,0.37,0.37,0.4,0.42,23.6,204.59,-36.38,99.6,-16.28,-20.73,5,-0.49,0.37,0.37,0.4,0.42,0.39,0.33,NA
"1981-01-05",23.73,34.95,-24.98,99.44,-14.04,-16.86,2.67,1.13,0.37,0.37,0.4,0.42,23.61,0,-48.26,98.91,-18.82,-21.42,1.82,-0.44,0.37,0.37,0.4,0.42,23.8,173.89,-9.46,99.72,-11.32,-14.34,3.42,2.78,0.37,0.37,0.4,0.42,0.34,0.46,NA
"1981-01-06",25.18,21.9,-11.27,97.82,-7.4,-10.16,2.52,3.3,0.37,0.37,0.4,0.41,23.73,0,-20.65,96.77,-12.04,-14.52,2.01,2.3,0.37,0.37,0.4,0.41,29.99,101.77,-6.03,98.86,-4.35,-5.44,3.23,4.08,0.37,0.37,0.4,0.42,6.59,0.96,NA
"1981-01-07",31.33,48.34,-57.05,97.48,-12.29,-16.38,4.34,-1.49,0.37,0.37,0.4,0.41,30.43,0,-80.27,96.6,-18.11,-21.4,2.86,-3.31,0.37,0.37,0.4,0.41,31.47,224.85,-7.46,98.36,-4.31,-5.4,5.73,2.09,0.37,0.37,0.4,0.41,1.86,1.08,NA
"1981-01-08",31.47,52.97,-67.54,98.75,-17.47,-20.75,2.2,-0.18,0.37,0.37,0.4,0.41,31.42,0,-80.87,98.3,-22.57,-24.92,1.78,-1.05,0.37,0.37,0.4,0.41,31.5,235.7,-51.32,99.06,-11.73,-16.57,2.62,0.88,0.37,0.37,0.4,0.41,0.04,0.3,NA
"1981-01-09",31.6,41.22,-36.73,98.75,-16.08,-18.68,2.01,1.41,0.37,0.37,0.39,0.41,31.43,0,-62.45,98.56,-23.03,-24.72,1.27,-2.5,0.37,0.37,0.39,0.41,31.95,194.63,7.46,99.01,-10.19,-13.47,2.79,2.78,0.37,0.37,0.4,0.41,0.63,0.36,NA
"1981-01-10",31.91,56.22,-78.88,99.38,-18.22,-22.41,2.86,-1.58,0.37,0.37,0.39,0.41,31.84,0,-91.69,98.9,-22.75,-25.89,1.73,-2.58,0.37,0.37,0.39,0.41,31.96,242.06,-65.37,99.64,-14.8,-17.76,4.05,-0.86,0.37,0.37,0.39,0.41,0.06,0.47,NA
"1981-01-11",31.94,56.61,-61.18,99.17,-22.61,-26.53,1.88,-1.55,0.37,0.37,0.39,0.41,31.85,0,-91.45,98.92,-26.07,-28.73,0.47,-2.39,0.37,0.37,0.39,0.41,31.99,253.7,-18.02,99.47,-17.26,-24.14,3.08,-0.78,0.37,0.37,0.39,0.41,0.2,0.34,NA
"1981-01-12",31.9,59.94,-59.69,98.95,-22.33,-25.4,1.46,1.05,0.37,0.37,0.39,0.41,31.86,0,-93.76,98.6,-31.45,-33.88,0.54,-0.31,0.37,0.37,0.39,0.41,31.92,259.47,-37.41,99.29,-13.96,-17.67,2.05,2.56,0.37,0.37,0.39,0.41,0.02,0.22,NA
"1981-01-13",32.04,39.9,-27.17,98.2,-13.61,-16.03,-1.2,1.15,0.37,0.37,0.39,0.41,31.88,0,-61.12,98.03,-19.54,-21.13,-1.72,-0.21,0.37,0.37,0.39,0.41,32.22,194.23,6.07,98.56,-8.63,-12.16,0.24,2.16,0.37,0.37,0.39,0.41,0.47,0.36,NA
"1981-01-14",32.76,33.54,-14.46,98.11,-9.11,-11.27,-1.61,-0.62,0.37,0.37,0.39,0.41,32.26,0,-47.67,97.93,-11.26,-13.2,-2.23,-1.37,0.37,0.37,0.39,0.41,33.07,180.77,-1.81,98.31,-6.06,-9.27,-0.97,0.21,0.37,0.37,0.39,0.41,1.02,0.48,NA
"1981-01-15",33.35,32.59,-13.55,98.47,-8.33,-10.38,-1.83,-1.23,0.37,0.37,0.39,0.41,33.12,0,-30.6,98.22,-9.94,-11.73,-2.61,-1.81,0.37,0.37,0.39,0.41,33.79,149.92,-2.61,98.75,-5.86,-9.03,-0.8,-0.54,0.37,0.37,0.39,0.41,0.93,0.55,NA
"1981-01-16",35.52,29.4,-22.22,98.65,-7.38,-9.58,-0.28,-1.19,0.37,0.37,0.39,0.41,33.9,0,-57.49,98.47,-11.36,-14,-1.85,-3.39,0.37,0.37,0.39,0.41,36.46,121.05,-4.49,99.02,-3.87,-7.52,1.62,0.14,0.37,0.37,0.39,0.41,2.86,0.51,NA
"1981-01-17",36.48,49.29,-58.83,98.96,-13.22,-16.45,2.18,-0.75,0.37,0.37,0.39,0.41,36.43,0,-77.62,98.56,-16.81,-19.47,1.63,-2.88,0.37,0.37,0.39,0.41,36.53,203.4,-44.77,99.22,-9.79,-14.49,3.32,1.71,0.37,0.37,0.39,0.41,0.13,0.47,NA
"1981-01-18",36.4,61.12,-59.92,98.22,-8.49,-11.22,2.76,-0.12,0.37,0.37,0.39,0.41,36.28,0,-91.44,98.03,-13.06,-14.77,2.09,-2.12,0.37,0.37,0.38,0.41,36.48,259.48,-13.61,98.5,-3.08,-7.86,3.47,1.4,0.37,0.37,0.39,0.41,0.01,0.71,NA
"1981-01-19",36.25,58.76,-68.67,98.03,-5.1,-7.4,2.58,0.92,0.37,0.37,0.38,0.41,36.13,0,-89.01,97.84,-9.55,-10.91,2.12,-0.07,0.37,0.37,0.38,0.41,36.34,262.93,-56.03,98.27,-0.66,-4.42,3.22,1.93,0.37,0.37,0.38,0.41,0,0.66,NA
"1981-01-20",36.1,60.24,-66.77,98.55,-6.54,-8.85,-1.33,-1.13,0.37,0.37,0.38,0.41,35.98,0,-95.17,98.01,-10.31,-12.21,-3.02,-2.04,0.37,0.37,0.38,0.41,36.18,256.92,-31.93,98.95,-2.26,-6.41,2.07,-0.09,0.37,0.37,0.38,0.41,0,0.63,NA
"1981-01-21",35.96,67.38,-77.58,98.61,-9.32,-12.63,-0.25,-0.33,0.37,0.37,0.38,0.41,35.85,0,-108.83,98.16,-14.58,-16.53,-2.4,-1.76,0.37,0.37,0.38,0.41,36.04,285.59,-51.19,98.96,-2.84,-8.69,2.9,1.64,0.37,0.37,0.38,0.41,0,0.61,NA
"1981-01-22",35.87,27.39,-25.35,97.62,-3.94,-6.18,3.51,0.04,0.37,0.37,0.38,0.41,35.81,0,-55.53,97.45,-8.25,-10.42,2.46,-1.76,0.37,0.37,0.38,0.41,36,108.2,-5.76,98.05,-1.53,-4.49,4.42,1.92,0.37,0.37,0.38,0.41,0.42,0.92,NA
"1981-01-23",36.02,41.55,-41.72,97.6,-3.07,-5.39,2.59,-1.23,0.37,0.37,0.38,0.41,35.95,0,-64.89,97.48,-4.73,-6.66,1.7,-2.07,0.37,0.37,0.38,0.41,36.08,184.55,-19.13,97.77,-0.83,-4.19,3.56,-0.83,0.37,0.37,0.38,0.41,0.26,0.94,NA
"1981-01-24",36.03,53.13,-45.99,97.89,-3.55,-5.8,1.71,-0.47,0.37,0.37,0.38,0.41,35.87,0,-75.63,97.64,-9.17,-9.97,0.81,-1.71,0.37,0.37,0.38,0.41,36.15,234.18,-10.2,98.16,0.27,-3.87,2.45,0.4,0.37,0.37,0.38,0.41,0.16,0.85,NA
"1981-01-25",35.35,51.06,-29.1,97.85,-3.46,-6.04,0,1.77,0.37,0.37,0.38,0.41,33.72,0,-69.11,97.22,-11.88,-13.04,-1.71,-1.26,0.37,0.37,0.38,0.41,35.9,226.31,8.23,98.17,3.76,-0.58,1.89,4.12,0.39,0.37,0.38,0.41,0.01,1.33,NA
"1981-01-26",27.89,58.55,-42.12,96.79,3.6,0.25,3.91,3.65,0.43,0.38,0.38,0.41,23.31,0,-92.01,96.5,0.54,-2.06,1.82,1.79,0.4,0.37,0.38,0.41,33.42,286.67,-16.19,97.13,5.52,2.4,5.91,4.83,0.46,0.4,0.38,0.41,0.27,3.01,NA
"1981-01-27",23.5,33.54,-30.57,97.39,-2.72,-5.6,2.55,-0.41,0.42,0.4,0.38,0.41,23.28,0,-73.04,97.09,-9.64,-12.51,0.82,-1.77,0.41,0.4,0.38,0.41,23.64,150.71,-11.31,97.88,0.31,-1.99,4.06,1.73,0.43,0.4,0.38,0.41,0.79,1.32,NA
"1981-01-28",24.33,46.43,-25.88,97.93,-6.74,-9.85,-0.78,-0.62,0.41,0.4,0.38,0.41,23.61,0,-68.92,97.72,-9.74,-12.79,-1.73,-1.29,0.41,0.4,0.38,0.41,25.49,231.96,6.85,98.12,-2.67,-6.94,0.58,-0.14,0.41,0.4,0.38,0.41,2.17,0.73,NA
"1981-01-29",27.58,67.81,-55.47,98.86,-8.99,-12.32,0.25,-2.03,0.4,0.4,0.38,0.41,25.62,0,-100.96,98.1,-15.19,-17.75,-2.38,-3.07,0.4,0.4,0.38,0.41,28.2,303.46,-6.52,99.68,-5.73,-8.74,2.35,-0.36,0.41,0.4,0.38,0.41,2.75,1.06,NA
"1981-01-30",27.8,79.32,-81.87,99.88,-14.76,-18.47,1.83,-1.69,0.4,0.4,0.38,0.41,27.65,0,-112.58,99.69,-19.21,-21.41,1.14,-2.41,0.4,0.4,0.38,0.41,27.91,324.82,-62.91,100.02,-8.56,-15.12,2.58,-1.15,0.4,0.4,0.38,0.41,0,0.67,NA
"1981-01-31",27.56,79.29,-68.14,99.71,-13.26,-16.96,0.91,0.67,0.4,0.39,0.38,0.41,27.4,0,-109.03,99.07,-21.28,-23.43,-1.72,-1.06,0.39,0.39,0.38,0.41,27.67,319.43,-31.22,99.96,-5.76,-11.44,2.24,2.34,0.4,0.4,0.38,0.41,0,0.74,NA
"1981-02-01",32.47,13.63,-10.16,97.63,-3.42,-6.47,0.25,3.99,0.4,0.39,0.38,0.41,27.37,0,-59.77,96.83,-11.85,-15.52,-2.33,1.27,0.39,0.39,0.38,0.41,40.33,63.32,18.18,98.98,1.24,1.01,2.59,6.5,0.44,0.39,0.38,0.41,17.28,0.81,NA
"1981-02-02",43.62,48.94,-43,97.03,-5.32,-8.27,4.15,0.75,0.43,0.4,0.38,0.41,40.8,0,-97.61,96.6,-15.07,-19.05,2.34,-0.72,0.42,0.4,0.38,0.41,44.68,204.28,-1.11,97.92,0.79,0.6,5.78,3.04,0.44,0.4,0.38,0.41,5.68,1.5,NA
"1981-02-03",44.74,68.47,-69.48,98.43,-16.08,-20.8,3.85,0.86,0.41,0.4,0.38,0.41,44.67,0,-82.55,97.95,-18.76,-23.63,2.8,-0.29,0.41,0.4,0.38,0.41,44.84,296.63,-48.2,98.72,-13.78,-19.03,5.31,2.34,0.42,0.4,0.38,0.41,0.45,0.9,NA
"1981-02-04",44.92,68.82,-64.35,98.66,-17.31,-21.82,3.17,-0.27,0.4,0.4,0.38,0.41,44.85,0,-86.89,98.31,-23.6,-27.42,1.75,-1.98,0.4,0.4,0.38,0.41,44.98,279.54,-28.11,99.29,-14.43,-18.44,5.2,1.64,0.41,0.4,0.38,0.41,0.32,0.79,NA
"1981-02-05",44.86,74.71,-56.32,99.28,-18.82,-22.95,2.21,1.98,0.4,0.4,0.38,0.41,44.75,0,-91.93,98.86,-28.08,-30.68,1.42,-0.35,0.4,0.4,0.38,0.41,44.92,289.54,-22.9,99.53,-10.37,-15.67,3.56,4.14,0.4,0.4,0.38,0.41,0.01,0.73,NA
"1981-02-06",46.16,45.47,-33.11,98.4,-6.37,-9.65,3.1,2.2,0.4,0.4,0.38,0.41,44.76,0,-78.59,98.1,-9.91,-15.23,1.69,0.09,0.4,0.39,0.38,0.41,47.34,210.4,-9.84,98.78,-2.25,-6.43,5.92,3.34,0.4,0.4,0.38,0.41,2.96,1.42,NA
"1981-02-07",47.89,43.65,-26.63,98.14,-4.02,-6.57,0.82,2.6,0.39,0.39,0.38,0.41,47.34,0,-62.45,97.44,-8.93,-11.13,-1.23,0.5,0.39,0.39,0.38,0.41,49.66,183.01,-12.3,98.75,1.02,-0.85,4.25,4.66,0.4,0.39,0.38,0.41,2.56,1.17,NA
"1981-02-08",49.65,56.46,-54.39,97.33,-4.64,-8.24,3.51,1.25,0.39,0.39,0.38,0.41,49.51,0,-80.14,97.08,-9.27,-12.17,1.37,-0.45,0.39,0.39,0.38,0.41,49.89,240.38,-32.55,97.75,-0.05,-2.29,4.74,2.54,0.39,0.39,0.38,0.41,0.8,1.61,NA
"1981-02-09",49.87,73.48,-68.59,98.41,-9.88,-13.53,3.26,1.45,0.39,0.39,0.38,0.41,49.82,0,-93.37,97.85,-13.87,-16.49,1.85,-0.36,0.39,0.39,0.38,0.41,49.91,314.88,-47.67,98.99,-6.59,-11.04,4.68,3.65,0.39,0.39,0.38,0.41,0.27,1.15,NA
"1981-02-10",53.82,21.38,-14.57,98.44,-4.55,-7.06,-1.49,2.94,0.4,0.39,0.38,0.41,49.85,0,-65.53,97.12,-13.39,-15.11,-4.02,0.08,0.39,0.39,0.38,0.41,61.83,118.51,7.56,99.13,4.68,2.1,1.72,6.87,0.46,0.4,0.38,0.41,18.44,0.98,NA
"1981-02-11",51.63,18.25,-17.97,97.27,-1.71,-4.36,3.18,2.68,0.44,0.44,0.39,0.41,47.93,0,-57.72,96.42,-15.98,-19.98,-0.27,-1.1,0.42,0.41,0.38,0.41,59.4,71.48,0.94,99.1,7.12,5.03,5.76,7.56,0.46,0.46,0.4,0.41,16.12,1.31,NA
"1981-02-12",50.82,90.03,-78.56,100.66,-17.85,-22.67,2.92,1.2,0.42,0.43,0.4,0.41,50.7,0,-100.16,99.32,-21.22,-25.08,-0.21,-0.28,0.42,0.42,0.4,0.41,50.9,344.89,-46.8,101.19,-14.03,-19.77,5.35,2.45,0.42,0.43,0.4,0.41,0.08,0.86,NA
"1981-02-13",50.63,90.4,-65.82,101.17,-14.6,-19.3,0.74,2.07,0.41,0.42,0.4,0.41,50.49,0,-102.46,100.9,-21.35,-24.09,-0.58,1.3,0.41,0.42,0.4,0.41,50.7,346.21,-39.09,101.37,-6.63,-13.36,1.56,2.71,0.42,0.42,0.4,0.41,0,1,NA
"1981-02-14",50.39,88.86,-60.42,100.64,-7.32,-11.59,1.43,1.3,0.41,0.41,0.4,0.41,50.21,0,-105.07,100.45,-14.74,-18.97,0.13,0.32,0.41,0.41,0.4,0.41,50.5,343.72,3.63,100.87,0.17,-5.74,2.3,2.2,0.41,0.42,0.4,0.41,0,1.3,NA
"1981-02-15",49.74,79.05,-51.2,100.06,-2.55,-7.81,0.68,2.22,0.41,0.41,0.4,0.41,48.92,0,-84.66,99.57,-10.01,-12.84,-0.36,1.37,0.41,0.41,0.4,0.41,50.22,314.9,-16.11,100.42,4.16,-3.65,1.77,2.99,0.42,0.41,0.4,0.41,0,1.99,NA
"1981-02-16",46.3,26.23,-19.43,99.2,2.89,0.17,2.34,3.38,0.43,0.42,0.4,0.41,39.14,0,-71.51,98.96,0.17,-3.51,1.19,2.84,0.41,0.41,0.4,0.41,48.9,106.7,5.33,99.52,4.96,4.11,3.9,4.42,0.46,0.44,0.4,0.41,2.17,1.11,NA
"1981-02-17",30.23,42.91,-3.63,98.97,4.97,4.48,2.68,2.48,0.45,0.45,0.41,0.41,20.21,0,-25.81,98.87,3.4,3.3,2.05,1.8,0.44,0.44,0.4,0.41,38.48,176.21,5.83,99.08,6.51,5.89,3.37,2.94,0.46,0.45,0.42,0.41,0.1,0.03,NA
"1981-02-18",13.03,45.07,-2.37,98.83,7.27,6.55,1.42,2.62,0.44,0.44,0.43,0.41,6.58,0,-21.56,98.51,4.92,4.79,0.34,1.92,0.43,0.44,0.43,0.41,19.59,214.92,10.88,98.99,10.97,8.3,2.47,3.3,0.45,0.45,0.44,0.41,0.82,-0.07,NA
"1981-02-19",4.48,20.66,6.02,98.12,6.55,6.46,-0.17,0.98,0.44,0.44,0.44,0.41,3.22,0,-7.7,97.59,4.48,4.48,-1.72,-0.63,0.44,0.44,0.44,0.41,6.3,83.62,13.73,98.49,8.15,8.07,2.06,2.95,0.46,0.45,0.45,0.42,10.78,-0.32,NA
"1981-02-20",2.24,40.81,-5.21,97.41,5.58,4.3,0.33,-3.64,0.44,0.45,0.45,0.42,1.31,0,-36.99,97.25,3.62,1.17,-1.06,-5.23,0.43,0.44,0.45,0.42,3.18,180.16,11.21,97.7,8.1,6.26,2.25,-0.93,0.45,0.45,0.45,0.42,2.02,1.14,NA
"1981-02-21",0.96,84.41,-31.42,98.28,5.6,2.51,0.06,-1.69,0.43,0.44,0.44,0.42,0.65,0,-60.2,97.7,2.72,0.67,-1.45,-4.47,0.42,0.43,0.44,0.42,1.29,302.6,-2.63,98.64,9.74,4.46,2.18,1.06,0.43,0.44,0.45,0.42,0.01,2.07,NA
"1981-02-22",0.44,56.89,-12.94,98.13,7.38,5.42,-2.9,1.24,0.42,0.43,0.44,0.42,0.16,0,-43.91,97.53,3.29,2.25,-4.01,-0.4,0.41,0.42,0.44,0.42,0.64,355.37,4.33,98.65,13.28,8.98,-1.42,3,0.42,0.43,0.44,0.42,0.08,1.6,NA
"1981-02-23",0.08,25.02,-22.56,97.09,6.1,4.91,-1.04,2.75,0.43,0.43,0.44,0.42,0.05,0,-75.76,96.91,1.49,0.99,-3.43,1.53,0.41,0.42,0.44,0.42,0.15,98.62,-5.09,97.49,9.02,7.55,2.78,3.54,0.45,0.44,0.44,0.42,10.9,0.68,NA
"1981-02-24",0.05,88.82,-38.32,97.32,2.91,-0.12,1.69,2.46,0.42,0.43,0.44,0.42,0.04,0,-63.03,96.89,1.25,-1.75,0.12,-0.77,0.42,0.43,0.44,0.42,0.08,363.33,-12.92,97.72,5.78,1.47,4.17,3.8,0.43,0.44,0.44,0.42,1.55,2.64,NA
"1981-02-25",0.12,89.45,-62.42,98.32,-0.61,-4.77,3.4,-2.71,0.41,0.42,0.44,0.43,0.08,0,-91.95,97.75,-2.75,-6.07,2.26,-4.4,0.41,0.42,0.44,0.42,0.18,316.94,-31.84,98.89,2.33,-1.92,4.74,-1.39,0.42,0.43,0.44,0.43,0.12,3.35,NA
"1981-02-26",0.16,161.38,-93.92,99.27,-0.03,-5.73,1.16,-2.77,0.4,0.41,0.44,0.43,0.14,0,-130.18,98.93,-2.97,-7.8,-0.15,-3.31,0.4,0.41,0.44,0.43,0.18,586.18,-54.83,99.59,4.86,-4.61,2.08,-2.24,0.41,0.42,0.44,0.43,0,3.91,NA
"1981-02-27",0.13,155.26,-91.26,99.31,-0.61,-7.06,-0.58,0.11,0.4,0.41,0.43,0.43,0.11,0,-142.93,98.64,-4.97,-9.01,-1.42,-1.97,0.39,0.4,0.43,0.43,0.14,592.13,-23.99,99.6,4.61,-4.61,0.45,1.61,0.4,0.41,0.44,0.43,0,2.67,NA
"1981-02-28",0.09,60.85,-11.9,97.52,3.37,-0.12,2.9,1.24,0.41,0.41,0.43,0.43,0.06,0,-34.65,97.16,-0.71,-6.23,-1.58,-1.47,0.4,0.4,0.43,0.43,0.12,254.12,12.51,98.54,7.21,4.88,6.25,3.76,0.43,0.41,0.43,0.43,3.77,2.98,NA
"1981-03-01",0.11,80.11,-28.74,97.85,0.45,-4.08,2.94,-0.21,0.4,0.4,0.43,0.43,0.08,0,-42.11,97.69,-0.86,-5.36,1.47,-1.38,0.4,0.4,0.43,0.43,0.19,332.82,-18.25,98.03,2.44,-1.74,3.75,1.63,0.41,0.41,0.43,0.43,0.13,3.14,NA
"1981-03-02",0.42,152.84,-76.48,97.64,-1.99,-8.14,3.78,-1.65,0.39,0.4,0.43,0.43,0.2,0,-115.05,97.45,-6.9,-15.25,2.48,-3.84,0.39,0.4,0.43,0.43,0.55,559.79,-16.75,97.93,0.22,-2.21,5.02,1.1,0.4,0.4,0.43,0.43,0.4,4.61,NA
"1981-03-03",0.57,136.43,-77.38,98.31,-6.35,-15.97,2.66,-1.64,0.39,0.4,0.43,0.43,0.55,0,-96.66,97.96,-9.54,-17.12,-0.75,-3.86,0.39,0.39,0.43,0.43,0.59,505.09,-56.37,98.49,-3.21,-14,3.96,0.81,0.39,0.4,0.43,0.43,0.06,4.13,NA
"1981-03-04",1.12,47.58,-33.37,97.79,-2.33,-6.24,0.63,1.49,0.39,0.39,0.42,0.43,0.56,0,-77.3,97.48,-6.92,-13.06,-1.45,-0.8,0.39,0.39,0.42,0.43,1.79,162.53,-15.45,98.3,0.72,-2.04,2.76,3.05,0.39,0.39,0.43,0.43,1.25,1.47,NA
"1981-03-05",2.14,70.39,-29.13,97.2,-1,-4.45,-1.82,-1.84,0.38,0.39,0.42,0.43,1.79,0,-60.03,97.07,-2.89,-5.89,-3.03,-3.28,0.38,0.39,0.42,0.43,2.39,311.67,-0.65,97.46,1.57,-2.21,0.65,-0.13,0.39,0.39,0.42,0.43,0.69,2.04,NA
"1981-03-06",2.45,148.88,-80.73,97.78,-2.42,-11.18,2.17,-2.82,0.38,0.39,0.42,0.43,2.37,0,-116.05,97.42,-5.64,-14.09,0.24,-4.09,0.38,0.39,0.42,0.43,2.52,483.7,-20.73,98.22,0.6,-5.81,3.73,-1.76,0.38,0.39,0.42,0.43,0.17,4.56,NA
"1981-03-07",2.33,110.38,-45.72,98.57,-1.58,-7.66,2.37,-2.8,0.38,0.39,0.42,0.43,2.25,0,-82.31,98.19,-5.58,-12.25,1.47,-3.51,0.38,0.39,0.42,0.43,2.42,426.69,-22.15,99.03,3.35,-3.69,3.23,-1.98,0.38,0.39,0.42,0.43,0.14,3.8,NA
"1981-03-08",2.04,86.12,-41.3,99.23,1.01,-3.5,1.59,-1.72,0.38,0.39,0.42,0.43,1.8,0,-69.25,99.06,-1.48,-4.52,0.76,-2.16,0.38,0.39,0.42,0.43,2.28,317.49,-16.9,99.42,4.36,-2.62,2.58,-1.14,0.38,0.39,0.42,0.43,0.06,2.42,NA
"1981-03-09",1.68,114,-52.69,99.24,0.78,-3.6,2.52,-0.47,0.38,0.38,0.41,0.43,1.52,0,-67.64,99.02,-2.61,-5.22,1.68,-2.01,0.38,0.38,0.41,0.43,1.82,416.06,-29.9,99.4,4.81,-1.67,3.88,1.09,0.39,0.39,0.42,0.43,0.79,3,NA
"1981-03-10",1.69,142.27,-64.81,98.75,0.95,-3.95,2.83,-0.65,0.39,0.38,0.41,0.43,1.53,0,-117.24,98.67,-1.98,-6.92,1.05,-2.01,0.38,0.38,0.41,0.43,1.85,529.16,-30.7,98.97,4.68,-1.87,4.38,0.83,0.39,0.38,0.41,0.43,0.87,3.8,NA
"1981-03-11",2.48,119.76,-56.34,98.39,-0.95,-7.01,2.14,-1.46,0.38,0.38,0.41,0.43,1.53,0,-94.04,98.26,-3.42,-10.16,-0.28,-3.05,0.38,0.38,0.41,0.43,2.94,515.06,-23,98.62,1.55,-4.64,4.56,0.06,0.38,0.38,0.41,0.43,1.64,3.42,NA
"1981-03-12",2.51,149.19,-74.59,97.67,0.77,-4.58,3.28,1.57,0.38,0.38,0.41,0.43,2.06,0,-99.62,97.19,-4.14,-8.44,1.77,-0.8,0.38,0.38,0.41,0.43,2.84,567.91,-46.83,98.45,7.4,-0.39,6.79,4.21,0.39,0.38,0.41,0.43,0.33,4.45,NA
"1981-03-13",2.04,143.49,-82.22,97.49,-1.61,-7.22,3.76,-1.91,0.38,0.38,0.41,0.43,1.97,0,-112.23,97.18,-6.2,-13.26,2.32,-3.51,0.38,0.38,0.41,0.43,2.08,507.76,-47.65,97.96,1.51,-2.42,5.12,0.93,0.39,0.38,0.41,0.43,0.05,4.28,NA
"1981-03-14",1.91,173.14,-96,98.17,-4.89,-13.87,3.67,-1.06,0.38,0.38,0.4,0.43,1.83,0,-108.19,97.77,-9.82,-16.76,2.66,-3.48,0.38,0.38,0.4,0.43,1.97,605.15,-78.73,98.49,0.05,-9.26,5.23,2.17,0.38,0.38,0.41,0.43,0.01,5.06,NA
"1981-03-15",1.49,161.84,-79.55,96.95,2.87,-3.87,4.04,1.87,0.38,0.38,0.4,0.43,1.03,0,-114.63,96.37,-1.9,-9.42,1.85,-2.73,0.38,0.38,0.4,0.43,1.82,602.35,-28.02,97.73,8.53,0.86,5.31,4.94,0.38,0.38,0.4,0.43,0.35,6.11,NA
"1981-03-16",0.98,200.15,-91.56,97.23,-4.41,-16.65,1.66,-3.1,0.38,0.38,0.4,0.43,0.94,0,-141.06,96.69,-7.2,-22.31,0.64,-5.09,0.38,0.38,0.4,0.43,1.03,672.05,-31.9,97.52,-0.46,-2.8,3.59,2.59,0.38,0.38,0.4,0.43,0.05,6.11,NA
"1981-03-17",2.24,186.37,-78.81,96.68,-7.03,-16.23,3.49,-1.84,0.37,0.38,0.4,0.43,1.02,0,-123.32,96.04,-12.75,-21.63,1.43,-4.9,0.37,0.38,0.4,0.43,2.68,631.01,-15.62,97.3,-3.31,-6.83,6.16,2.93,0.38,0.38,0.4,0.43,1.76,4.9,NA
"1981-03-18",2.59,154.65,-84.51,97.06,-8.16,-17.18,2.71,-0.92,0.37,0.38,0.4,0.43,2.53,0,-99.87,96.86,-12.7,-20.72,1.37,-2.32,0.37,0.38,0.4,0.43,2.65,590.08,-69.31,97.26,-2.68,-15.9,3.89,0.55,0.37,0.38,0.4,0.43,0.24,3.74,NA
"1981-03-19",2.7,149.52,-78.39,96.83,-7.11,-15.67,2.34,-1.75,0.37,0.38,0.4,0.43,2.61,0,-102,96.68,-11.04,-16.82,1.22,-2.32,0.37,0.38,0.39,0.43,2.83,560.49,-59.06,96.98,-2.49,-13.54,3.52,-1.2,0.37,0.38,0.4,0.43,0.36,3.64,NA
"1981-03-20",5.61,70.87,-29.83,96.75,-2.87,-6.53,1.18,-1.74,0.37,0.38,0.39,0.43,2.81,0,-87.03,96.44,-8.28,-13.32,-1.92,-4.28,0.37,0.38,0.39,0.43,10.41,246.35,-8.24,97.28,1.66,-2.87,2.92,0.08,0.37,0.38,0.39,0.43,7.89,2.27,NA
"1981-03-21",9.53,162.71,-81.63,98.18,-3.03,-7.94,0.68,-1.19,0.38,0.38,0.39,0.43,8.55,0,-135.46,97.28,-10.37,-11.73,-0.22,-1.71,0.37,0.38,0.39,0.43,10.47,547.54,-36.18,98.92,3.41,-3.56,1.28,0.1,0.39,0.38,0.39,0.43,0.06,3.04,NA
"1981-03-22",7.09,147.91,-70.8,99.05,0.11,-4.77,-1.47,-0.81,0.4,0.38,0.39,0.43,5.66,0,-126.2,98.92,-6.54,-8.64,-2.96,-1.87,0.39,0.38,0.39,0.43,8.56,566.76,-47.38,99.24,5.86,-2.22,-0.61,0.47,0.42,0.38,0.39,0.43,0,2.92,NA
"1981-03-23",4.66,143.27,-65.47,98.75,1.86,-4.99,-0.39,-1.66,0.41,0.39,0.39,0.42,3.68,0,-115.87,98.56,-4.04,-7.42,-1.81,-2.47,0.4,0.38,0.39,0.42,5.67,556.16,-40.37,98.88,8.32,-2.5,1.41,-0.81,0.41,0.39,0.39,0.43,0.24,3.25,NA
"1981-03-24",3.03,164.92,-79.05,98.73,1.93,-3.71,1.07,-2.2,0.41,0.39,0.39,0.42,2.35,0,-115.36,98.64,-3.67,-5.9,0.49,-3.18,0.4,0.39,0.39,0.42,3.69,544.46,-60.77,98.94,7.56,-1.52,2.05,-1.57,0.41,0.39,0.39,0.42,0.9,3.69,NA
"1981-03-25",1.95,152.11,-76.08,99.04,2.68,-4.42,0.69,-1.78,0.4,0.4,0.39,0.42,1.53,0,-99.88,98.85,-1.81,-6.01,-0.83,-2.8,0.4,0.39,0.39,0.42,2.36,507.55,-59.12,99.21,8.48,-2.78,1.84,0.23,0.41,0.4,0.39,0.42,0,3.9,NA
"1981-03-26",1.21,157.59,-62.94,98.73,3.21,-2.68,0.28,1.98,0.41,0.4,0.39,0.42,0.83,0,-105.64,98.12,-3.64,-6.8,-0.47,-1.11,0.4,0.39,0.38,0.42,1.53,570.26,-16.61,99.16,10.39,2.87,1.59,4.4,0.45,0.41,0.39,0.42,6.9,3.86,NA
"1981-03-27",0.64,176.79,-72.72,98.92,4.59,-1.79,1.12,-2.74,0.42,0.41,0.38,0.42,0.43,0,-121.46,98.07,-0.63,-4.47,0.14,-4.72,0.41,0.41,0.38,0.42,0.84,615.3,-19.24,99.66,10.68,1.2,2.09,-0.28,0.44,0.41,0.38,0.42,0.24,5.76,NA
"1981-03-28",0.33,216.25,-96.97,99.32,4.68,-3.52,1.03,1.96,0.4,0.41,0.38,0.42,0.2,0,-140.17,98.56,-2.49,-5.09,-0.24,-1.56,0.4,0.41,0.38,0.42,0.43,689.52,-56.55,99.7,11.18,-1.4,2.62,4.16,0.41,0.41,0.38,0.42,0,6.12,NA
"1981-03-29",0.09,159.65,-57.49,98.01,11.68,4.04,3.07,3.17,0.39,0.4,0.38,0.42,0.02,0,-94.83,97.48,7.26,-2.1,1.37,2.7,0.39,0.4,0.38,0.42,0.19,606.56,-18.24,98.47,16.32,7.63,4.43,4.05,0.4,0.41,0.38,0.42,0.57,8.13,NA
"1981-03-30",0.01,64.6,-25.59,96.92,10.41,8.18,2.41,2.63,0.42,0.41,0.38,0.42,0,0,-75.68,96.49,8.67,6.32,0.55,0.19,0.39,0.4,0.38,0.42,0.02,264.01,1.41,97.42,12.14,10.54,4.64,4.15,0.45,0.42,0.38,0.42,10.19,2.27,NA
"1981-03-31",0,153.55,-53.25,98.18,10.49,6.23,1.51,0.83,0.41,0.42,0.38,0.42,0,0,-113.39,97.37,7.14,4.75,-2.65,-0.61,0.4,0.41,0.38,0.42,0,521.05,-11.93,98.45,15.74,6.86,3.85,2.57,0.42,0.42,0.39,0.42,0.02,4.74,NA
"1981-04-01",0,145.78,-58.6,97.55,10.97,3.82,2.61,2.62,0.41,0.41,0.39,0.42,0,0,-108.81,97.21,7.52,0.47,-2.11,-1.16,0.4,0.41,0.39,0.42,0,593.31,-21.7,98.03,15.42,9,6.02,5.87,0.42,0.41,0.39,0.42,1.74,8.15,NA
"1981-04-02",0,220.16,-86.78,98.44,7.39,-0.5,3.35,-0.3,0.4,0.4,0.38,0.42,0,0,-134.44,97.86,3.3,-2.41,0.36,-2.73,0.39,0.4,0.38,0.42,0,709.37,-31.52,98.78,12.43,1,5.67,2.69,0.4,0.41,0.39,0.42,0,8.62,NA
"1981-04-03",0,187.98,-67.5,97.82,13.36,2.78,2.69,4.27,0.38,0.4,0.38,0.42,0,0,-103.92,97.53,6.46,-0.34,0.86,3.03,0.38,0.39,0.38,0.42,0,635.53,-21.5,98.29,18.84,7.61,3.87,5.8,0.39,0.4,0.38,0.42,0.95,12.27,NA
"1981-04-04",0,118.21,-35.86,97.37,15.35,8.75,2.84,5.38,0.39,0.39,0.38,0.42,0,0,-60.45,97.3,10.54,4.13,1.82,4.45,0.38,0.39,0.38,0.42,0,464.33,-15.01,97.49,19.12,13.54,3.6,6.44,0.45,0.39,0.38,0.42,7.38,9.79,NA
"1981-04-05",0.01,134.67,-36.99,97.82,5.81,-0.49,4.45,1.11,0.42,0.41,0.38,0.42,0,0,-66.38,97.27,0.51,-6.22,2.51,-1.41,0.4,0.41,0.38,0.42,0.11,486.55,-7.76,98.29,9.76,8.43,5.42,4.37,0.43,0.41,0.38,0.42,3.46,7.14,NA
"1981-04-06",0.32,230.84,-89.43,98.9,1.54,-8.97,3.74,-1.96,0.4,0.41,0.38,0.42,0.16,0,-138.84,98.28,-1.77,-11.86,1.47,-3.7,0.39,0.4,0.38,0.42,0.38,729.51,-27.31,99.37,6.3,-6.85,4.8,1.26,0.4,0.41,0.38,0.42,0.28,9.03,NA
"1981-04-07",0.24,233.44,-96.46,99.11,5.43,-3.59,2.21,2.78,0.39,0.4,0.38,0.42,0.15,0,-131.57,98.7,-2.36,-6.84,0.87,0.58,0.38,0.4,0.38,0.42,0.31,726.67,-65.38,99.36,12.23,-1.01,3.77,5.22,0.39,0.4,0.38,0.42,0,8.4,NA
"1981-04-08",0.07,172.42,-58.5,98.35,12,3.94,2.52,3.77,0.38,0.39,0.38,0.42,0.01,0,-99.38,97.98,6.89,-1.54,1.23,3,0.38,0.39,0.38,0.42,0.14,656.78,-10.63,98.67,17.43,7.63,4.11,5.14,0.39,0.4,0.38,0.42,0.62,9.21,NA
"1981-04-09",0,178.02,-63.33,98.36,10.42,2.53,3.36,0.04,0.41,0.39,0.38,0.42,0,0,-139.5,97.67,3.46,-6.57,1.72,-4.4,0.38,0.39,0.38,0.42,0.01,696.62,1.14,99.3,14.03,10.4,4.4,5.01,0.43,0.4,0.38,0.42,4.94,8.74,NA
"1981-04-10",0,229.5,-88.93,99.18,9.53,0.02,1.67,2.56,0.39,0.39,0.38,0.42,0,0,-132.85,98.51,1.05,-3.44,0.19,0.6,0.38,0.39,0.38,0.42,0,705.38,-21.42,99.51,16.01,3.67,2.72,4.7,0.4,0.4,0.38,0.42,0.15,8.83,NA
