"date","snow_depth_water_equivalent_mean","surface_net_solar_radiation_mean","surface_net_thermal_radiation_mean","surface_pressure_mean","temperature_2m_mean","dewpoint_temperature_2m_mean","u_component_of_wind_10m_mean","v_component_of_wind_10m_mean","volumetric_soil_water_layer_1_mean","volumetric_soil_water_layer_2_mean","volumetric_soil_water_layer_3_mean","volumetric_soil_water_layer_4_mean","snow_depth_water_equivalent_min","surface_net_solar_radiation_min","surface_net_thermal_radiation_min","surface_pressure_min","temperature_2m_min","dewpoint_temperature_2m_min","u_component_of_wind_10m_min","v_component_of_wind_10m_min","volumetric_soil_water_layer_1_min","volumetric_soil_water_layer_2_min","volumetric_soil_water_layer_3_min","volumetric_soil_water_layer_4_min","snow_depth_water_equivalent_max","surface_net_solar_radiation_max","surface_net_thermal_radiation_max","surface_pressure_max","temperature_2m_max","dewpoint_temperature_2m_max","u_component_of_wind_10m_max","v_component_of_wind_10m_max","volumetric_soil_water_layer_1_max","volumetric_soil_water_layer_2_max","volumetric_soil_water_layer_3_max","volumetric_soil_water_layer_4_max","total_precipitation_sum","potential_evaporation_sum","streamflow"
"1981-01-01",7.93,40.77,-24.35,100.45,-7.42,-17.59,-0.45,-0.68,0.37,0.35,0.33,0.33,7.86,0,-53.79,100.08,-10.71,-20.77,-0.84,-1.14,0.37,0.35,0.33,0.33,8.12,184.37,2.41,100.67,-4.06,-12.21,-0.01,-0.14,0.37,0.35,0.33,0.33,0.38,6.06,NA
"1981-01-02",9.54,43.86,-44.35,99.69,-4.82,-10.6,1.85,-1.22,0.37,0.34,0.33,0.33,8.24,0,-107.58,99.19,-9.87,-17.99,-0.4,-2.22,0.37,0.34,0.33,0.33,10.02,192.53,3.46,100.41,0.04,-5.55,4.05,0.09,0.37,0.35,0.33,0.33,2.04,10.02,NA
"1981-01-03",10.06,63.15,-56.39,100.35,-10.91,-17.08,0.96,-0.31,0.37,0.34,0.33,0.33,9.69,0,-97.3,99.87,-15.71,-22.98,-0.69,-2.76,0.37,0.34,0.33,0.33,11.42,307.34,-10.18,100.73,-7.25,-10.97,2.45,1.73,0.37,0.34,0.33,0.33,1.86,5.16,NA
"1981-01-04",11.45,76.65,-86.43,100.57,-17.95,-25.92,2.25,-1.87,0.37,0.34,0.33,0.33,11.32,0,-108.82,100,-22.04,-28.94,0.32,-2.79,0.37,0.34,0.33,0.33,11.58,325.22,-16.84,100.84,-11.28,-15.58,3.76,-0.84,0.37,0.34,0.33,0.33,0.2,5.73,NA
"1981-01-05",11.17,75.33,-78.01,100.99,-14.89,-21.69,2.14,-1.91,0.37,0.34,0.33,0.33,11.01,0,-98.13,100.72,-22.48,-29.15,1.41,-2.74,0.37,0.34,0.33,0.33,11.31,318.65,-61.72,101.21,-7.74,-17.1,2.73,-1.19,0.37,0.34,0.33,0.33,0,5.88,NA
"1981-01-06",10.94,69.06,-51.06,100.81,-8.69,-13.13,0.96,1.46,0.37,0.34,0.33,0.33,10.76,0,-86.68,99.98,-15.88,-18.35,0.36,-0.73,0.37,0.34,0.33,0.33,11.33,301.82,-0.07,101.22,-2.25,-4.27,1.6,2.47,0.37,0.34,0.33,0.33,0.59,5.33,NA
"1981-01-07",19.59,35.45,-42.1,99.17,-2.02,-5.31,1.86,0.68,0.37,0.34,0.33,0.33,11.99,0,-101.86,98.75,-10.69,-15.98,0.68,-1.93,0.37,0.34,0.33,0.33,21.72,175.04,-4.14,99.9,1.68,-1.13,3.09,3.12,0.37,0.34,0.33,0.33,10.66,6.52,NA
"1981-01-08",21.38,71.83,-94.19,100.44,-13.4,-19.78,2.62,-0.71,0.37,0.34,0.33,0.33,21.16,0,-103.61,99.69,-17.03,-21.11,1.25,-1.91,0.36,0.34,0.33,0.33,21.59,301.89,-84.32,101.31,-9.7,-17.21,3.41,0.37,0.37,0.34,0.33,0.33,0,5.98,NA
"1981-01-09",21.02,59.08,-46.37,101.35,-13.13,-18.14,0.58,0.51,0.37,0.34,0.33,0.33,20.82,0,-77.92,101.23,-18.97,-22.63,0.1,-0.33,0.36,0.34,0.33,0.33,21.16,265.68,-3.04,101.57,-7.53,-14.36,1.09,1.67,0.37,0.34,0.33,0.33,0.23,3.36,NA
"1981-01-10",22.27,57.14,-51.49,100.84,-10.4,-15.26,1.43,-1.72,0.36,0.34,0.33,0.33,21.16,0,-103.89,100.6,-15.69,-21.21,0.07,-3.14,0.36,0.34,0.33,0.33,22.65,273.05,-5.55,101.19,-5.75,-12.61,2.99,-0.4,0.37,0.34,0.33,0.33,1.72,5.9,NA
"1981-01-11",22.17,73.35,-91.25,100.79,-16.98,-23.27,2.54,-0.63,0.36,0.34,0.33,0.33,21.98,0,-101.89,100.58,-20.42,-24.81,1.19,-2.06,0.36,0.34,0.33,0.33,22.36,305.05,-80.73,101.22,-12.75,-21.34,3.55,0.39,0.36,0.34,0.33,0.33,0,4.43,NA
"1981-01-12",21.88,75.01,-77.7,101.25,-18.93,-24.81,0.88,-1.21,0.36,0.33,0.33,0.33,21.71,0,-104.17,101.05,-24.42,-27.99,0.62,-2.11,0.36,0.33,0.33,0.33,21.98,311.3,-47.22,101.49,-12.54,-21.51,1.13,0,0.36,0.34,0.33,0.33,0,2.96,NA
"1981-01-13",21.52,75.94,-86.71,100.64,-16.34,-23.14,1.24,-1.37,0.36,0.33,0.33,0.33,21.32,0,-108.05,100.31,-21.04,-26.18,0.6,-2.34,0.36,0.33,0.33,0.33,21.7,314.55,-67.26,101.08,-9.28,-19.51,2.27,-0.09,0.36,0.33,0.33,0.33,0,4.2,NA
"1981-01-14",21.23,64.28,-54.96,100.7,-12.19,-17.08,0.58,0.4,0.36,0.33,0.33,0.33,21.13,0,-87.58,100.56,-19.66,-23.99,-0.46,-0.67,0.36,0.33,0.33,0.33,21.32,299.12,-24.49,100.9,-4.08,-9.01,1.28,1.58,0.36,0.33,0.33,0.33,0.09,3.53,NA
"1981-01-15",21.75,27.76,-23.68,100.89,-7.57,-10.55,-0.61,-1.66,0.36,0.33,0.33,0.33,21.14,0,-75.8,100.79,-13.2,-15.34,-1.09,-2.01,0.36,0.33,0.33,0.33,22.35,122.04,9.69,101.04,-2.52,-6.72,0.14,-0.79,0.36,0.33,0.33,0.33,1.41,2.59,NA
"1981-01-16",22.66,32.41,-25.45,100.84,-6.69,-9.63,-0.26,-0.76,0.36,0.33,0.33,0.33,22.23,0,-72.29,100.4,-10.95,-13.57,-0.84,-1.92,0.36,0.33,0.33,0.33,24.33,143.05,-5.29,101.09,-2.64,-5.76,0.11,0.67,0.36,0.33,0.33,0.33,2.28,3.1,NA
"1981-01-17",24.88,70.61,-68.36,100.14,-7.84,-11.67,1.32,-2.49,0.36,0.33,0.33,0.33,24.56,0,-100.37,99.95,-13.49,-16.99,-0.08,-3.64,0.36,0.33,0.33,0.33,25.05,293.47,-5.52,100.34,-4.57,-6.13,1.97,-1.1,0.36,0.33,0.33,0.33,0.76,5.95,NA
"1981-01-18",24.56,72.7,-71.95,99.84,-10.47,-15.28,2,-1.32,0.36,0.33,0.33,0.33,24.36,0,-93.77,99.56,-16.54,-20.04,1.38,-2.55,0.36,0.33,0.33,0.33,24.72,304.85,-20.65,100.26,-4.8,-9.71,2.68,-0.17,0.36,0.33,0.33,0.33,0.02,4.96,NA
"1981-01-19",24.09,68.7,-58.39,99.58,-0.98,-5.46,2.33,-0.19,0.36,0.33,0.33,0.33,23.78,0,-96.06,99.46,-5.33,-9.15,1.84,-1.04,0.36,0.33,0.33,0.33,24.35,311.4,-21.96,99.81,3.82,-2.88,2.96,0.63,0.36,0.33,0.33,0.33,0.02,8.34,NA
"1981-01-20",23.48,69.29,-83.77,100.36,-1.65,-6.82,1,-1.82,0.36,0.33,0.33,0.33,23.15,0,-106.21,99.54,-6.99,-11.48,-0.12,-2.44,0.36,0.33,0.33,0.33,23.77,293.97,-57.76,101.04,2.18,-4.3,2.41,-1.28,0.36,0.33,0.33,0.33,0,8.77,NA
"1981-01-21",22.4,80.69,-74.36,100.73,-4.81,-13.17,0.33,-0.57,0.36,0.33,0.33,0.33,21.67,0,-128.47,100.34,-9.5,-14.6,0.03,-1.54,0.36,0.33,0.33,0.33,23.14,324.99,-39.19,101.06,1.24,-9.98,0.67,0.76,0.37,0.33,0.33,0.33,0,8.93,NA
"1981-01-22",21.5,41.97,-37.96,99.57,-4.6,-9.17,1.22,0.83,0.37,0.33,0.33,0.33,21.3,0,-78.25,99.11,-12.14,-15.57,0.42,-1.34,0.36,0.33,0.33,0.33,21.67,165.59,-0.89,100.28,1.21,-4.02,1.8,2.45,0.37,0.33,0.33,0.33,0.02,4.14,NA
"1981-01-23",20.82,68.8,-67.05,99.3,-2.85,-7.32,1.82,-1.05,0.37,0.33,0.33,0.33,20.3,0,-94.08,99.18,-7.67,-9.52,1.38,-2.57,0.36,0.33,0.33,0.33,21.32,294.27,-40.53,99.5,2.78,-5.83,2.35,0.12,0.37,0.33,0.33,0.33,0.04,8.26,NA
"1981-01-24",19.85,65.73,-61.7,99.72,-4.97,-10.21,1.59,-1.18,0.37,0.33,0.33,0.33,19.38,0,-91.33,99.45,-8.81,-13.04,1.13,-2.3,0.37,0.33,0.33,0.33,20.33,282.28,-32.75,100.19,0.38,-8.35,2.07,-0.35,0.37,0.33,0.33,0.33,0.05,7.28,NA
"1981-01-25",18.89,83.1,-71.85,100.52,-4.23,-10.01,1.12,0.2,0.37,0.34,0.33,0.33,18.4,0,-102.72,100.22,-9.65,-13.75,0.63,-1.45,0.37,0.33,0.33,0.33,19.38,334.6,-49.01,100.73,1.84,-4.27,1.7,2.28,0.38,0.34,0.33,0.33,0,7.88,NA
"1981-01-26",17.4,40.71,-45.05,99.72,1.37,-1.02,1.23,2.41,0.38,0.34,0.33,0.33,15.83,0,-69.8,99.24,-2.22,-3.63,0.94,1.83,0.37,0.34,0.33,0.33,18.4,156.77,-24.33,100.45,4.78,0.49,1.94,3.27,0.4,0.34,0.33,0.33,0,5.35,NA
"1981-01-27",14,79.35,-75.08,99.37,2.75,-1.41,2.15,0.42,0.4,0.35,0.33,0.33,12.52,0,-96.22,99.17,-2.75,-5.39,1.57,-0.29,0.39,0.34,0.33,0.33,15.75,318.15,-48.91,99.65,7.28,0.62,2.69,1.74,0.41,0.35,0.33,0.33,0,9.07,NA
"1981-01-28",12.12,74.63,-60.22,100.01,0.06,-6.26,0.76,-0.59,0.38,0.36,0.33,0.33,11.74,0,-103.7,99.69,-3.81,-8.47,-0.92,-1.46,0.38,0.35,0.33,0.33,12.52,291.85,-9.73,100.25,3.99,-4.18,2.01,0.51,0.39,0.36,0.33,0.33,0.01,7.65,NA
"1981-01-29",12.41,82.44,-64.97,100.34,-1.99,-8.28,0.94,-1.65,0.38,0.36,0.33,0.33,11.75,0,-101.03,100.07,-7.77,-14.59,-0.86,-3.36,0.38,0.36,0.33,0.33,13,316.63,-12.18,101.1,1.38,-4.98,2.21,0.63,0.39,0.36,0.33,0.33,1.68,10.98,NA
"1981-01-30",11.99,100,-98.11,101.28,-8.44,-16.26,2.09,-2.24,0.38,0.36,0.33,0.33,11.73,0,-113.85,101.11,-11.84,-18.58,1.55,-2.81,0.37,0.36,0.33,0.33,12.22,395.06,-85.19,101.51,-4.87,-14.91,2.68,-1.12,0.38,0.36,0.33,0.33,0,11.82,NA
"1981-01-31",11.51,102.84,-90.57,101.63,-7.98,-17.28,1.21,-1.58,0.37,0.36,0.33,0.33,11.27,0,-111.92,101.45,-13.9,-19.57,0.64,-2.21,0.37,0.36,0.33,0.33,11.71,404.33,-66.15,101.86,-0.45,-14.42,1.51,-0.12,0.37,0.36,0.33,0.33,0,10.1,NA
"1981-02-01",10.75,83.31,-48.42,101.43,-1.92,-8.31,0.35,2.64,0.37,0.36,0.33,0.33,9.43,0,-101.19,100.59,-11.29,-17.85,-0.56,0.08,0.37,0.36,0.33,0.33,11.27,363.5,-1.85,101.82,4.65,4.55,0.9,4.74,0.4,0.36,0.33,0.33,1.1,9.02,NA
"1981-02-02",3.98,8.96,-20.78,99.37,6.86,6.05,1.24,4.32,0.42,0.4,0.34,0.33,1.66,0,-100.8,98.44,-1.31,-7.9,-0.52,-0.36,0.4,0.36,0.33,0.33,8.93,36.56,0.75,100.44,10.43,10.41,3.67,7.73,0.44,0.44,0.35,0.33,22.7,3.28,NA
"1981-02-03",1.7,113.11,-101.06,100.42,-5.35,-17.67,2.78,-0.36,0.4,0.41,0.35,0.33,1.63,0,-110.76,99.67,-10.57,-23.79,1.87,-0.99,0.39,0.4,0.35,0.33,1.75,455.49,-80.26,101.17,-1.73,-10.61,3.62,0.59,0.41,0.42,0.35,0.33,0.16,17.2,NA
"1981-02-04",1.7,108.32,-84.15,100.9,-8.24,-22.95,1.35,0.94,0.39,0.4,0.35,0.33,1.69,0,-104,100.61,-11.25,-24.18,0.37,0.46,0.39,0.39,0.35,0.33,1.71,428.96,-63.76,101.19,-5.13,-20.08,2.5,1.65,0.39,0.4,0.36,0.33,0.04,11.39,NA
"1981-02-05",1.81,130.21,-93.45,101.46,-10.78,-25.28,2.16,-1.01,0.39,0.39,0.36,0.33,1.72,0,-117.71,100.7,-14.35,-28.69,1.01,-2.25,0.39,0.39,0.36,0.33,1.85,503.48,-53.81,101.93,-7.88,-18.22,3.13,0.94,0.39,0.39,0.36,0.33,0.16,12.21,NA
"1981-02-06",1.94,63.91,-59.3,101.34,-5.61,-13.06,1.35,2.21,0.39,0.38,0.36,0.33,1.79,0,-93.17,100.81,-12.17,-24.49,0.43,0.95,0.39,0.38,0.36,0.33,2.22,247.32,-34.84,101.86,0.77,-7.09,2.32,4.73,0.39,0.39,0.36,0.33,0.48,9.67,NA
"1981-02-07",2.14,107.35,-80.92,101.08,-2.22,-7.87,0.79,1.24,0.39,0.38,0.36,0.33,2.07,0,-107.47,100.79,-6.92,-11.11,-0.77,-0.09,0.38,0.38,0.36,0.33,2.22,433.61,-51.3,101.33,3.46,-2.74,1.9,2.78,0.39,0.38,0.36,0.33,0,9.55,NA
"1981-02-08",1.89,29.7,-4.37,99.37,1.44,1.14,-0.38,0.18,0.41,0.39,0.36,0.33,1.54,0,-32.22,98.35,-1.37,-2.43,-1.62,-1.99,0.38,0.38,0.36,0.33,2.13,146.19,10.7,100.68,4.45,3.46,4.69,2.83,0.44,0.41,0.36,0.33,10.15,0.09,NA
"1981-02-09",1.76,125.21,-93.69,100.33,-2.36,-13.7,3.48,-0.39,0.41,0.41,0.36,0.33,1.64,0,-119.35,98.78,-4.65,-16.33,2.29,-1.58,0.4,0.4,0.36,0.33,1.82,463.71,-15.85,101.68,1.12,-3.4,5.46,0.49,0.42,0.41,0.36,0.33,0.33,21.12,NA
"1981-02-10",1.68,113.69,-64.48,102.34,-1.13,-9.69,-0.61,1.85,0.4,0.4,0.36,0.33,1.6,0,-102.95,101.78,-6.03,-15.51,-3.27,0.31,0.4,0.39,0.36,0.33,1.9,493.07,-4,102.61,3.62,-0.3,2.05,4.02,0.4,0.4,0.36,0.33,0.48,13.59,NA
"1981-02-11",0.91,18.41,2.44,100.49,10.18,10.07,-0.9,5.51,0.43,0.41,0.37,0.33,0.15,0,-0.94,99.44,2.31,1.63,-3.4,1.51,0.4,0.39,0.36,0.33,1.9,93.29,4.7,101.9,13.41,13.39,4.28,7.44,0.44,0.44,0.39,0.33,31.99,0.5,NA
"1981-02-12",0.17,147.68,-92.77,102.29,-4.04,-17.4,2.68,-2.03,0.41,0.42,0.39,0.33,0.14,0,-124.97,100.06,-8.75,-23.52,0.38,-2.47,0.4,0.41,0.39,0.33,0.17,555.71,-12,103.7,6.53,5.16,4.2,-0.97,0.42,0.43,0.39,0.33,0.07,23.17,NA
"1981-02-13",0.16,146.18,-98.08,103.81,-5.89,-21.21,0.03,0.07,0.4,0.41,0.39,0.33,0.16,0,-119.09,103.66,-10.31,-24.76,-0.78,-1.43,0.39,0.4,0.39,0.33,0.16,548.4,-79.21,104.01,-0.33,-13.23,0.73,1.66,0.4,0.41,0.39,0.33,0,15.13,NA
"1981-02-14",0.15,144.69,-90.06,103.03,-2.28,-11.84,1.25,0.47,0.39,0.4,0.39,0.33,0.14,0,-111.77,102.57,-8.34,-15.05,0.52,-2.01,0.39,0.4,0.39,0.33,0.16,543.15,-72.31,103.65,5.11,-9.11,2.33,2.02,0.39,0.4,0.39,0.33,0,14.37,NA
"1981-02-15",0.14,143.47,-85.89,102.91,-0.95,-8.49,-0.27,0.4,0.39,0.4,0.39,0.33,0.13,0,-109.96,102.71,-4.71,-11.95,-1.2,-1.77,0.38,0.39,0.39,0.33,0.14,539.2,-69.62,103.15,4.66,-3.98,0.36,2.28,0.39,0.4,0.39,0.33,0,12.57,NA
"1981-02-16",0.11,143.41,-79.7,102.22,2.44,-0.26,1.07,2.24,0.38,0.39,0.39,0.33,0.08,0,-103.15,101.77,-2.39,-3.76,0.43,1.49,0.38,0.39,0.39,0.33,0.13,538.21,-60.89,102.69,9.09,2.81,1.96,3.19,0.38,0.39,0.39,0.33,0,8.77,NA
"1981-02-17",0.06,106.22,-52.46,101.44,7.01,4.38,1.77,1.42,0.39,0.39,0.39,0.33,0.02,0,-82.32,101.22,2.23,1.82,1.05,0.94,0.38,0.39,0.39,0.33,0.08,450.36,-18.45,101.71,15.39,6.8,3.46,2.15,0.4,0.39,0.39,0.33,1.3,7.56,NA
"1981-02-18",0.01,120.04,-60.67,101.38,8.84,6.44,1.63,0.99,0.38,0.39,0.39,0.33,0.01,0,-88.86,101.22,3.47,3.03,0.72,0.22,0.38,0.39,0.39,0.33,0.02,480.92,-40.17,101.56,17.45,9.24,2.9,2.21,0.38,0.39,0.39,0.33,0.01,7.55,NA
"1981-02-19",0,108.29,-36.74,101.04,8.69,7.15,-0.03,1.6,0.38,0.38,0.39,0.33,0,0,-75.96,100.57,3.86,3.64,-1.36,0.92,0.37,0.38,0.39,0.33,0,457.77,3.18,101.35,15.9,10.42,1.42,2.31,0.4,0.39,0.39,0.33,2.31,5.28,NA
"1981-02-20",0,17.39,-1.92,99.62,9.83,9.82,-3.02,1.48,0.43,0.42,0.39,0.33,0,0,-7.78,99.01,8.12,8.12,-4.66,-0.03,0.4,0.38,0.39,0.33,0,78.06,5.24,100.49,10.73,10.72,-1.47,2.56,0.44,0.44,0.41,0.34,33.33,0.2,NA
"1981-02-21",0,22.04,-3.18,99.96,10.33,10.01,-2.5,-1.3,0.42,0.42,0.41,0.34,0,0,-7.12,99.22,9.27,8.63,-3.34,-1.9,0.41,0.42,0.41,0.34,0,97.19,-0.03,100.69,11.77,11.44,-1.53,0.05,0.42,0.43,0.41,0.34,2.3,1.12,NA
"1981-02-22",0,68.43,-19.3,101.05,8.6,6.17,-2.43,-0.83,0.4,0.41,0.41,0.34,0,0,-46.82,100.76,4.17,1.81,-3,-1.99,0.39,0.41,0.41,0.34,0,287.27,-2.73,101.21,11.77,8.32,-2.08,0.26,0.41,0.42,0.41,0.34,0.97,8.71,NA
"1981-02-23",0,59.07,-28.43,100.66,4.95,3.04,-2.4,0.14,0.39,0.4,0.41,0.34,0,0,-72.28,99.86,0.54,-0.67,-3.46,-1.02,0.39,0.4,0.41,0.34,0,233.07,0.81,101.17,8.71,8.01,-1.26,1.89,0.43,0.41,0.41,0.34,4.41,5.28,NA
"1981-02-24",0,41.09,-15.08,99.46,8.86,8.01,-0.78,0.55,0.42,0.43,0.42,0.34,0,0,-47.58,99.37,5.81,5.53,-2.62,-1.83,0.4,0.41,0.41,0.34,0,214.06,1.12,99.8,11.64,9.18,0.37,2.19,0.44,0.44,0.43,0.34,29.82,2.13,NA
"1981-02-25",0.28,53.66,-23.97,99.23,3.84,3.1,1.55,-3.38,0.41,0.41,0.42,0.35,0,0,-66.26,99,1.81,1.73,0.63,-4.59,0.4,0.41,0.42,0.34,1.52,238.86,-6.72,99.43,5.83,5.77,2.39,-1.63,0.44,0.43,0.43,0.35,12.17,3.81,NA
"1981-02-26",1.28,31.81,-9.41,99.87,2.53,1.67,0.8,-4.29,0.43,0.43,0.42,0.35,1.08,0,-18.13,99.4,1.83,-1.33,0.56,-4.49,0.42,0.43,0.42,0.35,1.54,144.26,-4.65,100.38,3.3,3.05,0.98,-4.12,0.43,0.43,0.43,0.35,10.68,4.7,NA
"1981-02-27",1.08,148.54,-65.22,100.66,3.81,-3.86,0.77,-3.49,0.4,0.42,0.42,0.35,1.02,0,-114.53,100.37,0.04,-5.4,0.24,-4.19,0.4,0.41,0.42,0.35,1.21,549.09,-7.42,100.92,8.24,-1.57,1.42,-1.92,0.41,0.43,0.43,0.36,0.3,25.24,NA
"1981-02-28",0.97,49.28,-40.71,100.21,1.3,-2.67,0.22,0.91,0.39,0.4,0.42,0.36,0.87,0,-92.65,99.19,-2.2,-5.53,-0.5,-1.84,0.39,0.4,0.42,0.36,1.01,164.4,-2.03,100.89,4.1,2.1,0.95,2.59,0.4,0.41,0.42,0.36,1.16,6.16,NA
"1981-03-01",0.69,155.59,-71.28,99.38,4.18,-1.65,2.18,-1.54,0.39,0.39,0.42,0.36,0.59,0,-115.61,99.07,0.49,-4.24,1.21,-2.83,0.38,0.39,0.42,0.36,0.85,586.24,5.24,99.76,8.36,2.92,3.08,1.12,0.39,0.4,0.42,0.36,0.11,18.1,NA
"1981-03-02",0.53,105.4,-63.29,99.41,2.5,-3,1.63,0.29,0.38,0.39,0.41,0.36,0.47,0,-92.23,99.04,-2.26,-4.5,0.59,-1.9,0.38,0.38,0.41,0.36,0.59,421.92,-36.26,99.79,7.13,-1.18,2.77,1.67,0.38,0.39,0.41,0.36,0.18,12.72,NA
"1981-03-03",0.46,167.24,-101.77,99.64,-0.96,-12.07,2.66,-2.49,0.37,0.38,0.41,0.36,0.45,0,-116.88,99.2,-3.92,-15.66,1.6,-3.64,0.37,0.38,0.41,0.36,0.47,587.53,-84.55,100.4,1.5,-6.19,3.81,-1.48,0.38,0.38,0.41,0.36,0.01,25.46,NA
"1981-03-04",0.43,179.07,-90.36,100.26,-0.89,-10.99,1.51,-0.07,0.36,0.37,0.41,0.36,0.42,0,-111.05,99.94,-5.04,-14.96,0.77,-2.54,0.36,0.37,0.41,0.36,0.45,625.82,-34.89,100.54,4.74,-6.29,2.27,1.98,0.37,0.38,0.41,0.36,0,19.55,NA
"1981-03-05",1.51,66.22,-28.66,99.2,0.09,-5.89,-1.07,-1.08,0.36,0.37,0.4,0.37,0.42,0,-67.53,98.66,-1.76,-7.56,-2.73,-2.69,0.36,0.37,0.4,0.36,3.54,267.35,-16.85,99.95,2.28,-4.18,1.23,0.86,0.36,0.37,0.41,0.37,3.18,10.53,NA
"1981-03-06",3.47,116.05,-54.45,98.86,0.82,-8.05,1.71,-2.78,0.36,0.37,0.4,0.37,3.38,0,-80.91,98.6,-1.86,-10.95,0.59,-3.99,0.35,0.36,0.4,0.37,3.54,487.01,-35.33,99.22,4.27,-5.78,2.38,-1.94,0.36,0.37,0.4,0.37,0.17,20.7,NA
"1981-03-07",4.11,54.16,-22.88,99.68,1.7,-1.21,0.57,-2.59,0.37,0.36,0.4,0.37,3.48,0,-43.01,99.14,-0.69,-5.91,-0.52,-3.95,0.35,0.36,0.4,0.37,4.71,212.44,-15.93,100.5,4.93,3.03,1.89,-1.98,0.4,0.37,0.4,0.37,5.24,7.4,NA
"1981-03-08",3.58,74.62,-36.49,100.9,2.24,-0.93,-0.03,-0.93,0.38,0.37,0.4,0.37,3.3,0,-58.78,100.55,-0.39,-2.54,-0.91,-1.82,0.38,0.37,0.4,0.37,3.84,311.04,-17.63,101.12,5.61,0.69,0.59,0.65,0.39,0.37,0.4,0.37,0.09,6.21,NA
"1981-03-09",2.83,127.84,-61.93,100.96,3.04,-2.14,1.39,-1.05,0.38,0.37,0.4,0.37,2.37,0,-101.04,100.8,-1.82,-4.09,0.51,-1.59,0.37,0.37,0.4,0.37,3.3,438.71,-26.43,101.08,7.82,-0.95,2.24,-0.35,0.38,0.37,0.4,0.37,0.55,12.44,NA
"1981-03-10",2.16,134.17,-77.52,100.6,2.57,-5.02,1.99,-1.25,0.37,0.37,0.4,0.37,1.96,0,-105.04,100.42,-1.19,-6.27,1.21,-2.37,0.37,0.37,0.39,0.37,2.37,475.2,-42.85,100.88,7.32,-4.18,3.21,-0.02,0.37,0.37,0.4,0.37,0.01,17.46,NA
"1981-03-11",1.78,131.46,-73.25,100.15,2.36,-4.63,1.78,-0.63,0.37,0.37,0.39,0.37,1.61,0,-100.15,99.8,-1.95,-6.82,0.79,-1.86,0.36,0.37,0.39,0.37,1.96,419.66,-48.38,100.53,7.67,-2.09,3.37,0.5,0.37,0.37,0.39,0.37,0.22,15.92,NA
"1981-03-12",1.51,148.72,-84.92,99.91,1.59,-6.64,1.79,0.06,0.36,0.37,0.39,0.37,1.42,0,-106.96,99.67,-2.3,-8.27,0.97,-1.81,0.36,0.36,0.39,0.37,1.61,479.37,-54.69,100.1,6.26,-4.89,3.16,2.43,0.36,0.37,0.39,0.37,0.01,17.78,NA
"1981-03-13",1.16,168.85,-80.11,99.26,5.25,-2.53,2.27,0.87,0.36,0.36,0.39,0.37,0.88,0,-106.36,99.04,0.06,-4.56,1.27,-0.57,0.36,0.36,0.39,0.37,1.44,624.38,-62.19,99.6,11.86,-0.22,4.26,2.34,0.36,0.36,0.39,0.37,0.49,21.3,NA
"1981-03-14",0.94,195.2,-99.41,99.23,-1.15,-12.71,3.37,-3.03,0.35,0.36,0.39,0.37,0.88,0,-121.15,99.01,-3.61,-19.61,1.28,-4.96,0.35,0.36,0.39,0.37,0.96,649.27,-26.05,99.65,1.69,-0.86,4.73,-1.15,0.36,0.36,0.39,0.37,0.14,31.43,NA
"1981-03-15",0.82,199.06,-96.01,99.16,3.56,-7.22,2.9,0.93,0.35,0.36,0.39,0.37,0.67,0,-114.88,98.63,-3.51,-14.98,1.73,-2.03,0.35,0.35,0.39,0.37,0.92,671.93,-60.86,99.56,11.09,-1.65,3.52,2.71,0.35,0.36,0.39,0.37,0,28.58,NA
"1981-03-16",0.64,76.14,-47.03,98.24,2.99,-4.42,1.05,-1.89,0.35,0.35,0.39,0.37,0.51,0,-88.28,98.05,-1.96,-15.45,-0.02,-4.81,0.35,0.35,0.39,0.37,0.79,292.19,-21.26,98.56,6.77,2.76,2.12,1.88,0.36,0.35,0.39,0.37,1.94,18.32,NA
"1981-03-17",0.81,189.35,-88.89,98.01,-1.29,-14.36,3.31,-1.96,0.35,0.35,0.39,0.37,0.75,0,-119.35,97.53,-6.27,-20.61,1.63,-4.83,0.35,0.35,0.38,0.37,0.92,698.31,-52.73,98.36,5.06,-6.03,4.97,1.25,0.35,0.35,0.39,0.37,0.35,32.57,NA
"1981-03-18",0.89,213.73,-107.03,98.65,-4.23,-17.52,2.97,-0.98,0.34,0.35,0.38,0.37,0.86,0,-123.85,98.23,-9.59,-19.39,0.89,-2.36,0.34,0.35,0.38,0.37,0.92,705.14,-95.16,98.95,1.42,-15.17,4.68,-0.11,0.35,0.35,0.38,0.37,0,25.36,NA
"1981-03-19",0.84,203.1,-88.44,98.58,-2.06,-13.58,1.07,-1.24,0.34,0.35,0.38,0.37,0.81,0,-118.69,98.34,-7.02,-15.95,0.42,-2.06,0.34,0.35,0.38,0.37,0.86,702.72,-53.43,98.87,3.58,-10.87,1.59,-0.57,0.34,0.35,0.38,0.37,0.05,19.32,NA
"1981-03-20",0.88,178.42,-87.96,98.74,-1.41,-12.4,1.27,-0.8,0.34,0.35,0.38,0.37,0.85,0,-111.33,98.56,-5.79,-13.97,0.67,-1.55,0.34,0.35,0.38,0.37,0.91,623.98,-45.4,99.06,3.5,-10.36,1.89,-0.1,0.34,0.35,0.38,0.37,0.09,18.56,NA
"1981-03-21",0.87,134.07,-61.28,99.61,0.74,-7.02,1.06,-2.03,0.34,0.35,0.38,0.37,0.85,0,-92.81,99.05,-3.38,-13.74,0.2,-3.33,0.34,0.35,0.38,0.37,0.91,522.41,-38.86,100.67,5.27,-2.05,1.78,-1.07,0.34,0.35,0.38,0.37,0.61,12.55,NA
"1981-03-22",0.77,187.37,-81.46,101.13,2.77,-3.78,0.13,-0.86,0.34,0.35,0.38,0.37,0.66,0,-117.86,100.73,-2.06,-5.51,-0.72,-1.95,0.34,0.35,0.38,0.37,0.89,699.93,-46.49,101.32,8.98,-1.79,0.83,0.96,0.34,0.35,0.38,0.37,0,16.65,NA
"1981-03-23",0.55,159.49,-69.61,100.71,2.69,-2.51,-0.23,0.28,0.34,0.35,0.38,0.37,0.46,0,-101.95,100.38,-2.47,-3.71,-0.76,-1.03,0.34,0.34,0.38,0.37,0.66,603.01,-44.71,101.09,8.81,-1.61,0.66,1.92,0.34,0.35,0.38,0.37,0,13.73,NA
"1981-03-24",0.39,182.97,-80.89,100.25,3.67,-3.3,0.79,-1.63,0.34,0.34,0.38,0.37,0.31,0,-109.54,100.1,-2.43,-4.57,-0.05,-2.99,0.33,0.34,0.38,0.37,0.46,656.63,-62.01,100.44,10.25,-1.38,1.36,-0.08,0.34,0.34,0.38,0.37,0.14,19.45,NA
"1981-03-25",0.27,178.13,-68.61,100.81,3.08,-0.07,-0.51,-1.3,0.34,0.34,0.38,0.37,0.22,0,-92.85,100.4,-0.74,-1.7,-2.08,-1.97,0.33,0.34,0.38,0.37,0.31,592.08,-32.75,101.41,8.9,2.27,0.91,0.07,0.36,0.34,0.38,0.37,2.7,10.36,NA
"1981-03-26",0.2,155.82,-52.73,101.41,3.37,0,0.78,1.28,0.35,0.34,0.38,0.37,0.15,0,-103.26,101.21,-0.74,-1.45,-0.5,-0.21,0.34,0.34,0.37,0.37,0.24,680.91,-10.18,101.59,9.84,1.26,1.91,2.84,0.35,0.34,0.38,0.37,0.01,11.7,NA
"1981-03-27",0.26,149.63,-62.06,100.55,5.21,1.54,1.65,-0.41,0.37,0.35,0.37,0.37,0.14,0,-98.63,100.05,1.01,-0.64,-0.4,-3.31,0.34,0.34,0.37,0.37,0.44,647.08,-9.4,101.21,11.62,4.83,3.78,2.84,0.39,0.35,0.37,0.37,6.76,13.53,NA
"1981-03-28",0.17,225.56,-100.89,101.55,5.89,-2.6,1.15,0.21,0.36,0.35,0.37,0.37,0.13,0,-129.32,101.22,-0.25,-5.76,0.06,-2.23,0.36,0.35,0.37,0.37,0.22,742.71,-51.05,101.85,13.11,-0.27,2.09,2.55,0.38,0.35,0.37,0.37,0,24.8,NA
"1981-03-29",0.07,218.54,-84.86,100.47,12.59,3.26,2.62,2.16,0.35,0.35,0.37,0.37,0.02,0,-117.61,100.04,4.32,-1.65,1.91,1.86,0.34,0.35,0.37,0.37,0.12,704.83,-52.89,101.18,21.6,7.8,3.58,2.49,0.36,0.35,0.37,0.37,0,34.19,NA
"1981-03-30",0.01,143.29,-46,99.64,12.83,8.91,1.59,2.88,0.36,0.35,0.37,0.37,0,0,-84.97,98.94,9.82,6.04,0.56,1.25,0.34,0.35,0.37,0.37,0.02,638.21,0.88,100.22,17.15,12,2.96,4.5,0.42,0.36,0.37,0.37,8.74,16.6,NA
"1981-03-31",0,189.24,-78.53,100.08,12.87,6.45,2.96,-1.34,0.38,0.37,0.37,0.37,0,0,-107.87,99.02,8.09,5.1,0.32,-3.12,0.37,0.36,0.37,0.37,0,606.95,-25.91,101.05,18.51,11.67,5.51,0.99,0.4,0.37,0.37,0.37,0,30.26,NA
"1981-04-01",0,200.32,-65.68,100.6,9.98,6.8,-1.54,1.57,0.37,0.37,0.37,0.37,0,0,-94.09,99.57,5.4,4.65,-2.42,-1.61,0.36,0.36,0.37,0.37,0,696.59,-0.77,101.14,15.68,10.14,1.38,3.32,0.44,0.37,0.37,0.37,8.18,14.87,NA
"1981-04-02",0,194.34,-67.28,99.77,9.23,2.68,2.96,-2.34,0.4,0.4,0.37,0.37,0,0,-112.21,99.22,5.24,-2.56,0.82,-4.2,0.39,0.39,0.37,0.37,0,664.15,-1.83,100.52,11.97,10.08,4.46,0.8,0.42,0.4,0.37,0.37,5.73,30.47,NA
"1981-04-03",0,223.43,-90.71,100.69,10.77,2.21,1.34,2.29,0.38,0.39,0.37,0.37,0,0,-116.27,100.52,2.99,-2.35,0.55,-0.06,0.37,0.39,0.37,0.37,0,740.48,-45.93,100.9,19.29,6.48,2.09,4.13,0.39,0.39,0.37,0.37,0,30.24,NA
"1981-04-04",0,123.93,-52.42,100.7,13.04,7.94,1.03,3.41,0.37,0.38,0.37,0.37,0,0,-78.64,100.54,10.07,5,0.56,2.37,0.37,0.38,0.37,0.37,0,400.33,-29.85,100.95,16.69,10.88,1.67,4.36,0.37,0.39,0.37,0.37,0.12,19.34,NA
"1981-04-05",0,92.71,-30.71,100.18,13.25,11.41,1.24,3.22,0.38,0.38,0.37,0.37,0,0,-66.94,99.74,10.93,9.38,0.53,0.93,0.36,0.38,0.37,0.37,0,423.03,-1.38,100.58,16.83,13.57,2.71,5.21,0.44,0.41,0.37,0.37,12.63,10.55,NA
"1981-04-06",0,155.02,-62.77,100.22,6.77,-1.56,2.89,-1.39,0.4,0.42,0.38,0.37,0,0,-106.28,99.75,3.1,-7.68,1.61,-2.97,0.39,0.41,0.37,0.37,0,466.55,-18.07,100.88,11.86,11.8,4.25,0.95,0.43,0.43,0.38,0.37,5.42,28.15,NA
"1981-04-07",0,249.57,-110.6,101.34,6.97,-4.7,2.4,-0.3,0.38,0.4,0.38,0.37,0,0,-126.75,100.95,1.22,-7.64,1.46,-1.77,0.38,0.39,0.38,0.37,0,778.9,-93.93,101.51,13.9,-0.6,2.96,1.72,0.39,0.41,0.38,0.37,0,33.39,NA
"1981-04-08",0,242.81,-96.7,101.32,9.95,2.7,1.24,2.56,0.37,0.39,0.38,0.37,0,0,-114.2,101.06,3.87,-1.18,0.35,1.32,0.37,0.38,0.38,0.37,0,755.65,-70.71,101.54,17.24,6.83,1.87,3.88,0.38,0.39,0.38,0.37,0,25.96,NA
"1981-04-09",0,203.28,-67.88,100.55,12.56,8.42,1.7,2.14,0.37,0.38,0.38,0.37,0,0,-94.78,100.09,7.16,5.07,0.65,-2.74,0.36,0.38,0.38,0.37,0,726.85,-22.96,101.05,19.17,13.12,3.73,4.55,0.38,0.38,0.38,0.37,1.98,19.88,NA
"1981-04-10",0,253.06,-110.58,101.33,11.54,0.21,2.24,-0.69,0.37,0.38,0.38,0.37,0,0,-131.32,100.79,6.12,-2.81,1.35,-2.8,0.36,0.37,0.38,0.37,0,782.33,-90.06,101.57,17.64,4.05,3.29,1.85,0.38,0.38,0.38,0.37,0,37.22,NA
